Name:Bruggers Bagels
Detect:1
Describe:3
Size:100
Length:32
[163.26967, 81.32235, 159.70511, 100.71853, 44.397396, 151.30302, 74.225746, 89.258492, 185.36526, 42.368923, 167.01505, 218.99736, 45.373196, 140.93167, 222.38295, 85.708153, 77.246696, 157.38499, 91.922516, 131.2229, 118.60667, 85.266418, 120.1928, 25.660564, 164.73703, 151.29652, 192.4818, 148.5119, 200.40146, 156.326, 133.57271, 44.721783;
  55.875439, 157.39465, 56.691643, 176.6273, 134.01236, 168.52844, 109.11141, 121.63181, 78.611023, 51.425854, 94.334053, 47.632599, 175.88152, 90.272263, 45.683208, 72.420166, 163.62376, 54.937817, 73.048447, 78.303253, 69.344444, 138.8311, 64.651039, 105.65025, 191.65907, 173.72694, 61.876419, 90.388191, 101.00843, 44.378384, 134.88524, 136.88269;
  69.264305, 84.609978, 157.44472, 62.49276, 143.77385, 99.911743, 162.36336, 73.330727, 88.062057, 191.10526, 76.635483, 58.950127, 169.51068, 82.515053, 77.544701, 57.254192, 137.4137, 79.174904, 119.06136, 78.935417, 71.181107, 180.50127, 173.30522, 68.988281, 73.928062, 59.552288, 56.737301, 71.012642, 162.63272, 93.014938, 79.085495, 181.71156;
  67.815269, 111.9379, 161.73201, 149.63905, 168.49506, 100.71915, 160.84633, 138.97766, 58.184139, 190.08604, 71.400513, 144.51207, 154.94562, 130.73378, 92.782043, 72.169701, 167.78838, 104.26464, 155.48735, 160.27116, 73.636475, 125.71717, 155.56804, 184.76286, 107.29609, 56.251186, 138.929, 176.22369, 137.82536, 99.617485, 78.893196, 189.75079;
  162.31778, 87.226814, 99.272491, 77.155823, 82.768242, 86.047264, 139.86099, 69.015625, 97.552307, 177.21237, 75.951355, 53.153847, 193.96718, 70.332413, 44.955902, 178.06387, 154.67966, 89.454224, 181.16354, 101.14534, 111.56852, 175.49673, 162.17856, 170.02788, 53.592247, 85.700218, 80.109749, 42.276844, 49.204865, 80.377098, 57.799091, 104.55032;
  123.04666, 172.87543, 51.358345, 169.09596, 80.165947, 183.31024, 88.221985, 140.45432, 169.25926, 56.712845, 104.00048, 56.123379, 179.02646, 175.53343, 74.124336, 159.55243, 167.55772, 66.98317, 166.13782, 83.861717, 89.631317, 67.323235, 91.263832, 180.71429, 164.98605, 164.49182, 74.317459, 97.155609, 55.453827, 39.554111, 104.56854, 78.54113;
  84.594345, 157.26373, 117.99486, 174.30583, 161.56255, 164.56979, 73.290863, 117.68109, 120.40239, 71.464111, 88.675713, 157.32452, 171.93291, 157.4868, 113.27192, 133.66916, 155.22095, 59.584991, 172.55179, 89.740471, 66.232872, 66.85434, 116.68366, 156.53964, 177.29016, 148.11504, 114.23218, 203.1992, 142.75638, 75.863922, 136.13257, 86.246201;
  78.609497, 85.446098, 48.237919, 160.43901, 51.36499, 85.088211, 117.48969, 88.459282, 57.438156, 156.81836, 74.169319, 30.457588, 207.73117, 68.124031, 17.731497, 119.97144, 166.79538, 89.83593, 147.19618, 114.6041, 80.047318, 151.97212, 70.977188, 202.84067, 174.63823, 114.7124, 48.609497, 31.459278, 16.207502, 65.835083, 31.858398, 96.008789;
  107.82358, 74.252388, 45.843594, 168.27147, 50.708515, 80.461739, 81.268478, 66.893738, 74.966515, 115.54911, 93.393082, 45.458561, 204.28345, 56.742191, 25.695044, 88.648643, 152.92404, 79.898041, 69.356224, 109.15417, 79.91993, 158.58055, 65.830681, 66.026566, 194.27428, 183.0827, 75.289429, 31.327036, 37.792332, 75.180916, 47.327599, 74.712814;
  143.93146, 186.56508, 101.88297, 84.843567, 113.37617, 157.27203, 171.39073, 188.89635, 181.54501, 81.447098, 169.79556, 92.238594, 67.438019, 170.58205, 180.79198, 97.757347, 83.992599, 152.50584, 70.468353, 114.87891, 191.92094, 88.819199, 120.7134, 86.855743, 80.883446, 88.774063, 127.14593, 102.96943, 115.67255, 135.80296, 172.10175, 164.87462;
  140.64394, 83.347107, 142.8772, 149.48151, 93.180809, 109.48779, 133.86656, 75.893402, 158.44572, 155.93521, 115.26468, 166.77544, 176.87115, 176.04254, 137.98792, 176.25041, 171.67198, 101.16026, 188.75392, 145.26106, 133.96471, 111.17742, 155.67004, 189.71863, 115.17935, 80.976067, 182.64587, 154.94489, 91.245346, 97.144066, 82.062607, 94.255981;
  40.096603, 152.02718, 80.80349, 124.17741, 202.88411, 186.25436, 170.43233, 120.29183, 85.690361, 71.98439, 86.016716, 58.82571, 162.08504, 100.91277, 76.939949, 145.93021, 174.74086, 42.572086, 127.96584, 67.299545, 80.724335, 139.58531, 75.448669, 209.92966, 55.487602, 70.989716, 60.237099, 122.25271, 157.61948, 48.244812, 165.34399, 177.36511;
  140.60841, 90.803978, 103.37574, 108.66399, 99.824547, 92.349258, 174.882, 120.42043, 97.538429, 125.49019, 163.62119, 67.347839, 74.293686, 73.736343, 76.739418, 163.00829, 155.83235, 181.94278, 113.68362, 186.56065, 143.49138, 163.10428, 90.957672, 187.4124, 64.55687, 105.46536, 142.94798, 49.748169, 96.894775, 110.94751, 133.20975, 136.13525;
  127.19432, 92.645615, 167.63591, 108.75006, 117.50425, 82.114647, 64.448387, 84.961624, 91.128983, 176.65387, 82.872238, 201.24702, 178.02065, 82.837746, 156.67914, 133.54288, 75.67598, 111.40273, 187.25577, 90.262329, 100.75419, 125.62133, 169.38329, 68.130676, 175.5657, 183.01385, 97.635902, 159.97717, 147.28346, 187.69833, 62.859123, 77.312363;
  88.795677, 159.15956, 99.955887, 88.105293, 171.144, 131.10854, 141.65125, 141.00021, 102.34162, 74.503136, 117.19502, 112.432, 111.41643, 62.547676, 158.67329, 134.36519, 78.691673, 81.488647, 64.316757, 80.706375, 156.24324, 149.12669, 83.359131, 83.67524, 87.081078, 158.26682, 69.683243, 107.49967, 156.95763, 158.39546, 187.92606, 144.22141;
  184.82629, 86.704666, 101.12887, 95.901688, 60.74403, 66.208382, 87.717201, 92.081474, 128.90463, 151.33412, 161.35997, 83.988838, 118.23091, 56.494518, 97.688797, 126.02155, 67.271446, 183.06404, 102.37231, 122.71935, 142.09323, 160.9861, 125.01391, 42.13866, 176.50235, 197.53329, 105.21093, 43.241287, 100.12711, 181.69096, 104.68802, 56.963768;
  66.600456, 67.030663, 175.11597, 131.54637, 179.95657, 89.099594, 173.6593, 83.14949, 81.833549, 176.26509, 85.88726, 195.77318, 164.43915, 79.222618, 176.48257, 163.0118, 123.0358, 80.949913, 123.52504, 159.60445, 153.60007, 179.3546, 100.27251, 192.5816, 56.765186, 71.662727, 176.88554, 160.91849, 153.40811, 183.45172, 125.22662, 173.7928;
  119.77447, 104.18439, 164.01022, 84.917702, 90.359207, 167.11165, 169.05382, 101.4048, 173.71953, 88.333626, 169.24022, 205.85342, 46.050488, 163.46597, 217.07407, 84.130783, 89.313393, 152.2202, 88.419258, 143.26601, 148.36232, 88.039368, 118.20974, 80.83474, 64.931717, 48.901466, 181.85631, 193.45485, 186.17549, 150.83208, 133.98843, 173.37033;
  80.298126, 69.865738, 148.14232, 170.17262, 148.67583, 91.164101, 179.3031, 83.071983, 83.027939, 159.60503, 89.588921, 44.909542, 181.42316, 90.937958, 69.469337, 93.833534, 181.8082, 85.620178, 80.119347, 128.32939, 95.949089, 182.25409, 121.43808, 170.58702, 100.8745, 79.497276, 183.63699, 71.348328, 125.60905, 110.57992, 133.964, 155.59129;
  81.134918, 84.129143, 154.77394, 100.73328, 133.31363, 194.09846, 166.44609, 91.747055, 179.97177, 146.41809, 92.954437, 56.306957, 132.12335, 198.06801, 110.4561, 159.49655, 160.2085, 86.685707, 163.3054, 63.240276, 76.23494, 139.27762, 140.06891, 186.55923, 47.09602, 80.428314, 72.282951, 83.256943, 155.37831, 79.940208, 92.898422, 165.94954;
  50.555618, 132.23308, 57.842819, 129.99907, 183.02325, 93.312126, 173.86533, 154.37054, 64.383369, 188.82347, 81.677269, 39.661461, 201.94904, 86.159416, 34.558781, 132.45294, 171.90829, 92.370537, 140.84711, 122.62258, 120.38951, 159.19456, 89.150856, 217.67821, 70.007812, 72.046135, 48.112537, 85.476562, 41.448105, 76.956848, 85.586494, 194.13095;
  159.96083, 111.55046, 87.743317, 169.28479, 74.726494, 74.163803, 96.30027, 116.15405, 101.0367, 97.728981, 160.65157, 196.36201, 125.83525, 63.890484, 151.61946, 192.35283, 111.79588, 172.26511, 139.84882, 198.07436, 181.57207, 139.70299, 67.643349, 179.09117, 160.20528, 179.58047, 189.78078, 141.6424, 68.094994, 180.97325, 116.56518, 74.527336;
  145.04437, 88.445412, 80.028175, 194.4541, 54.747829, 167.53651, 87.888474, 118.04602, 157.13876, 67.721298, 182.21085, 55.938717, 91.505989, 179.35854, 59.654144, 146.74406, 170.17868, 182.53111, 131.2261, 161.81569, 77.86499, 100.95727, 74.242073, 167.15802, 178.60883, 194.90866, 139.63818, 61.278469, 77.395401, 81.116455, 91.126793, 74.106834;
  92.040092, 132.96011, 70.305809, 168.26268, 103.70763, 91.307976, 90.832466, 112.0247, 71.468788, 84.666664, 97.82618, 188.0713, 197.15648, 64.886002, 136.57715, 98.524704, 92.530556, 69.974205, 73.221931, 148.73666, 144.13091, 136.3045, 69.347641, 92.181404, 193.23666, 155.2189, 147.08864, 162.78023, 82.020592, 159.26593, 108.68986, 103.31491;
  97.7631, 95.117714, 49.731281, 149.41992, 72.681572, 146.94426, 92.878326, 58.649334, 110.49542, 47.855865, 100.97982, 52.274956, 183.8571, 65.446548, 47.275997, 193.7995, 163.27994, 59.350872, 138.85336, 73.613976, 74.235855, 157.23544, 57.296589, 164.21754, 134.80574, 207.56717, 59.060314, 50.790138, 71.227539, 57.1745, 96.841301, 71.859192;
  122.60992, 76.485603, 86.876373, 58.083641, 38.469151, 116.12363, 72.420479, 74.382545, 162.76257, 41.738804, 142.99132, 181.17619, 37.906765, 100.18145, 181.92551, 78.071297, 48.664764, 139.04936, 67.923904, 124.05439, 66.723267, 47.221664, 81.305534, 25.252514, 105.31399, 95.288849, 126.80622, 101.13232, 124.10261, 118.88003, 107.36746, 45.678474;
  233.68031, 167.65544, 211.76585, 119.32799, 159.64615, 161.09901, 73.711945, 87.074333, 197.3042, 78.828629, 177.78944, 250.96422, 49.698769, 156.79305, 239.6387, 67.131447, 106.59324, 161.20154, 118.21501, 152.29196, 181.73199, 109.52863, 162.1812, 41.236824, 211.60687, 173.31926, 236.98915, 246.0045, 250.30257, 193.34004, 238.70731, 53.121323;
  146.08148, 189.53671, 51.924286, 133.84372, 102.09903, 85.075951, 63.815098, 140.60527, 71.530014, 83.497002, 76.3675, 79.390816, 190.20152, 68.191139, 48.443214, 113.70199, 143.44322, 72.047325, 166.72992, 95.054482, 96.32341, 77.371193, 142.59233, 97.24054, 187.49515, 170.62766, 63.22784, 107.20268, 50.276085, 53.105263, 102.2784, 72.624191;
  72.058418, 60.630753, 43.398182, 45.580875, 41.357124, 74.544228, 60.188759, 40.714523, 84.903282, 47.975201, 61.436207, 95.750893, 68.535683, 35.334526, 79.828331, 78.012955, 49.780106, 48.56324, 38.443096, 92.623589, 47.303116, 79.842659, 50.571507, 28.672913, 68.05484, 65.137779, 57.679802, 55.634609, 75.242767, 52.515293, 57.667953, 60.487186;
  57.655659, 81.932793, 70.634216, 164.52896, 82.062767, 197.56256, 164.15237, 81.99131, 119.58864, 60.067783, 96.304749, 111.11085, 139.33295, 163.54692, 71.972961, 115.20142, 192.46098, 67.681534, 127.72054, 138.16377, 57.848396, 127.19312, 47.599072, 203.59752, 81.052719, 65.821548, 123.26574, 124.57744, 76.064697, 40.309772, 71.995171, 182.33661;
  163.01514, 173.93558, 95.259048, 174.06668, 91.921654, 141.5813, 90.832695, 180.52002, 162.15512, 64.11821, 178.54474, 202.8938, 70.19812, 165.80205, 184.03795, 93.529076, 102.31755, 173.27054, 82.837219, 174.78273, 189.14328, 74.124474, 74.824341, 92.989555, 211.24199, 176.55832, 191.85045, 188.56998, 93.674438, 155.94324, 173.98102, 86.61647;
  120.68935, 145.82932, 54.907402, 134.99637, 122.28611, 106.61596, 177.2123, 104.1773, 118.62172, 78.826965, 100.36356, 73.607208, 189.41583, 74.836143, 113.89972, 184.90335, 179.9919, 49.412418, 91.918922, 110.88436, 198.1389, 153.7205, 89.258591, 199.73438, 63.3866, 84.436104, 150.83678, 98.217194, 63.470024, 72.571365, 178.25816, 129.92639;
  208.66852, 159.9865, 196.50252, 78.132156, 181.37253, 168.96092, 119.37522, 108.62099, 198.379, 77.455704, 175.20903, 239.04231, 43.884048, 153.54285, 238.24774, 177.84444, 99.877022, 161.9865, 136.2681, 146.38063, 169.6046, 105.54087, 157.49352, 89.676811, 38.990635, 101.73425, 219.71965, 235.24792, 241.35164, 183.17159, 232.58084, 91.921494;
  106.60552, 75.541145, 208.13795, 89.441673, 161.81148, 94.816071, 186.60794, 126.63747, 120.08591, 185.79163, 154.57382, 113.42982, 65.017426, 136.49759, 166.93369, 84.98185, 91.905136, 186.56705, 68.21418, 158.42281, 145.46007, 177.75702, 155.86278, 93.027351, 76.011864, 73.922554, 165.98257, 90.245163, 200.78703, 205.1774, 150.394, 180.95692;
  49.433971, 64.524429, 40.500191, 63.550381, 75.658394, 81.432442, 144.87538, 44.194656, 67.196182, 101.64389, 81.505531, 46.380154, 176.3437, 38.433395, 28.88378, 93.842369, 142.49542, 48.38607, 79.322327, 95.359543, 58.973282, 154.10896, 67.512024, 81.084732, 54.012215, 58.181107, 38.74752, 34.261833, 52.85725, 44.607826, 43.732635, 141.43645;
  143.70175, 164.48817, 144.82533, 112.50542, 163.86934, 79.445724, 84.575058, 147.06169, 98.648239, 171.20473, 94.224411, 59.316162, 170.69533, 98.543884, 85.09507, 66.68251, 125.63653, 112.94031, 130.30731, 83.568428, 98.946716, 102.65134, 197.1667, 45.390007, 196.57816, 174.7515, 89.519127, 110.18638, 152.39619, 111.12072, 142.42781, 83.606453;
  95.761024, 79.718735, 116.66259, 156.7272, 89.292244, 159.71622, 176.42415, 131.51431, 149.47005, 107.7711, 167.79611, 194.01189, 71.338852, 174.14397, 173.60249, 152.1042, 120.44917, 176.69012, 101.7254, 190.08224, 169.22459, 144.18913, 52.827785, 205.90877, 75.693184, 85.814835, 175.14001, 145.02177, 93.870613, 166.18481, 98.037254, 183.11644;
  182.83345, 178.82188, 142.33899, 81.146965, 163.93065, 51.834629, 108.59518, 179.51521, 95.11512, 173.63364, 140.30479, 191.53291, 83.023117, 81.921913, 180.94362, 96.130219, 72.16584, 181.81552, 120.18353, 177.91389, 192.57843, 94.678223, 176.98915, 68.344894, 136.66194, 90.756546, 159.34325, 187.90823, 138.18401, 180.04459, 166.81976, 103.9665;
  82.734016, 135.59834, 154.93443, 149.03815, 162.00804, 193.34618, 161.12866, 116.63422, 128.85794, 64.311752, 138.70247, 158.32784, 50.764946, 174.38638, 132.69258, 118.0499, 173.99051, 129.1734, 149.90041, 148.71422, 77.511955, 82.138145, 96.694016, 205.52144, 64.437935, 56.718761, 162.51649, 196.73505, 166.93237, 58.352783, 165.56206, 186.2233;
  71.846924, 89.318794, 69.079697, 138.29552, 96.312782, 64.650375, 175.67088, 95.519196, 65.719902, 137.97641, 89.654999, 201.91692, 187.34023, 57.354248, 161.94958, 187.71204, 159.49931, 81.12841, 116.01742, 207.78665, 191.40019, 155.26669, 55.992599, 212.49298, 48.947586, 66.147987, 160.90103, 137.17374, 35.7495, 121.69616, 69.022972, 184.32265;
  36.735806, 73.856041, 36.09763, 128.03793, 81.746941, 84.796524, 173.86847, 66.149437, 56.806801, 164.4073, 76.078102, 21.888842, 207.60367, 58.754219, 16.248266, 171.9606, 161.28201, 87.874802, 135.83267, 105.54697, 74.862465, 149.72227, 66.987152, 210.79507, 43.123405, 67.61908, 24.132912, 18.367132, 12.035541, 59.575832, 25.530445, 168.43127;
  182.03305, 177.08945, 109.66456, 111.81734, 112.52266, 141.2543, 136.57431, 177.66455, 169.76924, 82.423309, 165.33109, 202.98575, 67.597466, 168.3206, 196.49239, 178.45082, 110.98555, 170.21274, 153.95982, 178.17494, 198.9814, 65.221848, 116.7544, 193.44528, 75.958443, 75.796753, 183.62082, 189.92697, 89.812386, 143.11914, 167.22937, 113.9436;
  66.472382, 70.452316, 148.54298, 114.92183, 126.90385, 170.10735, 135.79077, 101.64069, 119.9101, 114.0297, 126.03621, 59.86034, 81.406982, 129.26602, 92.790253, 69.812141, 104.75846, 114.00964, 63.113598, 76.821518, 57.511723, 171.34549, 79.568787, 68.877541, 107.18707, 163.15555, 58.809013, 67.320213, 182.93719, 132.81032, 107.284, 167.73814;
  105.67161, 152.90219, 200.28294, 84.284729, 196.59949, 176.06995, 143.92215, 163.09169, 180.51709, 118.6722, 150.82632, 89.71093, 46.103737, 189.28157, 204.45012, 124.37266, 64.25766, 154.30093, 101.51235, 57.620827, 131.21834, 96.130409, 181.80202, 70.919777, 64.538231, 124.20332, 91.560364, 124.19344, 224.87907, 173.14938, 188.50386, 161.45801;
  135.36172, 159.88559, 157.89471, 113.30252, 160.44711, 185.21198, 80.223442, 144.76369, 172.6006, 87.194427, 152.94127, 62.08189, 72.670799, 192.50584, 101.47496, 152.16588, 144.20097, 154.89915, 196.60201, 58.755966, 60.000702, 80.805336, 171.69513, 114.91951, 148.36243, 192.00491, 69.969116, 117.81469, 190.68367, 78.943375, 168.85704, 76.16378;
  104.11953, 177.27486, 54.349319, 69.298836, 130.80696, 132.45203, 169.7617, 133.21257, 107.89246, 92.852028, 95.306183, 57.277176, 162.11372, 75.655121, 64.852608, 60.022049, 147.59109, 50.430367, 75.963249, 85.335976, 137.25531, 152.23036, 91.557831, 82.499611, 89.561508, 59.639069, 58.437134, 87.469437, 92.817215, 39.861313, 155.74062, 170.70541;
  74.878738, 171.51822, 139.45097, 97.814751, 185.17809, 184.43124, 152.22906, 152.48633, 152.8718, 86.337311, 97.889374, 55.953579, 114.89111, 188.25249, 113.7551, 62.124294, 140.25336, 61.807159, 100.57722, 47.446205, 74.193062, 87.695877, 157.97766, 85.13427, 91.728851, 82.574402, 64.035789, 122.72039, 181.16399, 59.296097, 171.48785, 175.07809;
  149.86996, 171.74599, 180.11337, 188.50076, 180.12459, 168.01819, 165.61624, 196.24098, 162.32373, 171.27432, 173.49803, 91.557137, 122.74689, 210.93634, 132.12791, 142.66808, 199.26614, 192.03001, 209.52713, 136.57745, 170.47408, 119.12974, 177.25948, 210.77841, 163.27159, 166.15187, 169.26492, 184.43044, 153.59473, 140.95757, 174.43922, 162.6405;
  160.91002, 175.06554, 70.282661, 118.51582, 78.208916, 169.15222, 78.006165, 158.94905, 171.13846, 59.26664, 164.7919, 55.569843, 78.912903, 163.76643, 73.86956, 78.411873, 108.97761, 159.67995, 112.05444, 86.327652, 91.90078, 75.422348, 121.36216, 52.949055, 195.87448, 181.14339, 69.001846, 89.110931, 105.58279, 72.953575, 134.66455, 75.36422;
  216.27174, 181.00833, 227.32068, 123.46555, 170.99376, 162.48116, 75.479988, 216.73898, 202.10602, 88.628807, 180.34189, 248.80057, 50.196533, 195.44022, 239.60742, 62.800827, 106.92939, 167.22772, 121.60447, 151.7077, 181.48831, 107.42204, 168.05809, 49.672005, 215.89673, 194.66542, 233.58496, 245.82655, 249.00275, 197.85509, 238.17998, 77.941841;
  134.72487, 88.354248, 75.985779, 156.40179, 76.949142, 63.554752, 157.95479, 87.427315, 66.786438, 182.84041, 89.369057, 154.95596, 194.17166, 60.450703, 50.955963, 81.517731, 179.52162, 94.219017, 132.15959, 184.10327, 149.91193, 168.73616, 85.381134, 167.22758, 157.13795, 69.26461, 170.05826, 137.51987, 39.507404, 85.060791, 62.877045, 138.53448;
  86.499184, 62.706905, 147.27553, 132.45547, 118.20976, 92.02063, 82.549225, 57.500206, 78.153801, 169.45078, 78.104988, 53.485703, 193.82741, 68.185661, 52.260418, 82.238358, 137.87541, 86.342934, 122.40012, 73.667686, 45.344975, 175.3513, 145.019, 47.251633, 184.64685, 178.5435, 77.10907, 55.325775, 155.78166, 111.2449, 67.430557, 76.669525;
  157.98407, 76.501801, 193.06941, 111.08231, 101.97099, 116.24559, 76.020103, 99.62355, 170.87787, 165.93646, 159.33813, 68.131805, 72.890381, 168.12004, 115.85303, 89.482079, 67.65921, 197.21259, 127.84051, 78.402237, 63.407928, 104.92452, 186.64555, 32.121563, 183.01537, 189.55472, 99.304573, 71.522659, 192.67892, 182.66432, 99.57045, 64.700363;
  125.82189, 72.949013, 180.25562, 180.61818, 99.741905, 127.87696, 73.255836, 112.55495, 129.5119, 145.23772, 155.89259, 163.7963, 87.459778, 191.05597, 110.83957, 119.77589, 131.86676, 204.48244, 187.25471, 168.57535, 53.663269, 89.975983, 150.91548, 147.20735, 181.60594, 171.0118, 178.26445, 150.47406, 145.69092, 156.11534, 70.0886, 88.276688;
  91.887436, 125.72746, 188.72917, 61.935284, 185.35902, 88.245621, 159.42717, 123.16403, 99.922249, 191.80179, 75.838531, 191.43185, 133.92931, 96.239639, 194.61127, 75.329346, 67.445107, 81.319092, 106.54613, 85.650574, 158.8302, 143.6698, 172.51537, 63.424816, 74.866936, 46.701836, 99.606148, 183.49594, 184.14417, 182.58394, 128.83063, 183.62985;
  176.9879, 95.385529, 183.3336, 117.636, 116.12537, 93.88916, 104.88647, 141.1243, 180.34383, 146.34438, 170.60507, 76.483727, 83.94754, 176.37801, 166.59915, 197.15955, 106.37342, 203.10977, 134.89536, 153.47404, 144.68497, 108.17487, 178.57547, 132.58031, 105.50229, 184.25774, 174.86415, 67.089325, 146.7186, 195.03687, 152.51144, 68.264465;
  59.861774, 104.35087, 78.424263, 67.310295, 111.39491, 139.56921, 162.42345, 75.10479, 89.947601, 115.77594, 90.463203, 191.99919, 153.36127, 64.506424, 148.92151, 144.02324, 127.17431, 52.077675, 133.46361, 95.319061, 149.59328, 155.32518, 68.203667, 172.01427, 46.410805, 59.625893, 50.869316, 159.27768, 97.38736, 85.745567, 69.948624, 181.85097;
  187.68048, 172.75287, 95.91497, 89.55751, 97.695946, 141.79433, 75.060905, 142.50175, 180.82478, 83.887558, 159.83345, 180.90161, 84.732956, 143.63504, 180.26985, 176.91872, 69.562195, 155.46333, 166.79738, 106.3509, 176.45068, 78.685173, 142.1026, 72.854301, 151.96581, 190.76013, 94.078239, 155.48723, 105.26095, 146.85219, 148.39705, 67.801361;
  182.02921, 80.249611, 181.74994, 82.969238, 103.20469, 61.315113, 144.20203, 94.033409, 126.24253, 197.77826, 138.26974, 193.34077, 98.951981, 81.789108, 170.21022, 179.89134, 93.207344, 192.60567, 170.00641, 190.18013, 188.45009, 163.66254, 162.89046, 169.06528, 69.720955, 89.300507, 192.17924, 134.22284, 105.48971, 201.30449, 109.93272, 103.68776;
  158.41843, 175.4588, 63.408447, 178.70474, 92.440491, 144.84166, 75.774239, 173.26175, 122.93446, 61.793175, 157.42093, 158.71327, 91.197456, 159.73158, 77.795876, 115.10217, 166.37474, 172.46172, 167.13567, 183.18997, 102.88264, 55.352268, 91.519348, 170.70287, 194.35684, 141.50894, 168.01581, 178.91927, 69.79026, 60.80233, 123.58489, 91.304199;
  108.99199, 65.379562, 185.92795, 170.19424, 138.263, 67.44973, 95.544144, 97.164352, 65.698135, 168.35413, 142.25594, 175.08829, 118.19731, 78.611252, 134.31927, 96.528374, 93.057686, 186.50906, 94.85849, 179.50954, 106.3028, 159.82481, 131.20815, 86.794441, 188.75511, 166.16788, 189.59877, 140.62703, 165.24512, 213.82623, 112.08453, 97.227692;
  165.2951, 152.05281, 53.419071, 178.33081, 87.214668, 90.206848, 106.49022, 113.11443, 126.8423, 65.796822, 141.54768, 54.014179, 190.95868, 83.37188, 55.327141, 105.25599, 160.3687, 100.32445, 82.124695, 127.77433, 138.98141, 126.5467, 96.897552, 89.894379, 199.21638, 170.75305, 181.45305, 70.467728, 58.417358, 81.062592, 169.9308, 62.840099;
  200.92188, 103.39013, 155.03717, 143.3877, 53.464481, 69.325958, 84.291656, 133.36823, 156.26953, 162.84975, 165.47023, 187.57999, 98.717636, 148.40938, 167.44168, 100.6632, 85.383049, 204.97565, 126.59261, 191.76167, 173.95154, 110.27682, 160.26688, 60.070591, 199.6893, 178.46359, 198.68687, 140.90617, 80.111969, 196.5271, 91.891342, 81.435493;
  113.85236, 100.37109, 81.96521, 177.07114, 68.321808, 100.4458, 92.385811, 130.03011, 66.084747, 69.867523, 169.79771, 117.9565, 88.384254, 71.305748, 63.999554, 83.104591, 109.48952, 180.70584, 65.469002, 193.39964, 84.543709, 132.51717, 62.635147, 89.999771, 192.72502, 177.10548, 142.08719, 75.467659, 87.601021, 143.8925, 97.925957, 105.04349;
  109.14518, 131.04221, 165.86453, 183.92235, 141.84406, 165.97742, 85.049797, 139.71681, 149.16226, 70.264191, 163.89618, 204.85799, 68.339943, 180.38763, 203.43343, 183.28845, 105.77654, 165.83224, 153.85144, 151.76303, 123.14053, 65.94809, 108.59338, 170.61299, 162.91264, 179.14687, 186.34036, 206.161, 175.30386, 175.65352, 160.18126, 86.594009;
  110.3446, 149.36172, 148.27591, 199.18547, 151.53688, 172.17625, 99.947105, 164.62007, 148.08868, 57.506145, 170.62424, 68.516685, 70.654739, 189.09306, 107.3018, 75.863914, 120.66901, 171.5584, 78.302681, 133.88499, 70.425156, 79.484634, 118.09021, 95.447983, 195.00879, 176.49605, 169.19052, 118.41725, 177.65649, 136.79018, 188.11523, 107.83758;
  140.69682, 72.208801, 191.75966, 78.570412, 141.91394, 80.151588, 108.49413, 70.872368, 130.59511, 182.28044, 106.49291, 96.35746, 123.07017, 75.698776, 166.9445, 158.4648, 59.866016, 135.50049, 112.72274, 71.910759, 127.69486, 171.4511, 181.12274, 50.687531, 77.951347, 164.711, 93.761612, 61.094131, 180.75575, 207.90538, 121.79169, 86.973839;
  103.08761, 71.645096, 146.87675, 169.87271, 130.58357, 97.952904, 83.310989, 77.793381, 85.145523, 167.26814, 77.308441, 68.73674, 189.62282, 86.045822, 58.535213, 181.95142, 162.91812, 99.037758, 177.80505, 103.2272, 60.807804, 164.18816, 134.3933, 188.05261, 159.34578, 195.47794, 93.339622, 76.216797, 125.53097, 116.03945, 78.310143, 72.542427;
  111.96832, 84.754494, 140.66435, 152.85323, 82.940102, 164.40045, 69.701553, 61.949711, 171.48936, 108.54803, 112.39574, 60.52187, 176.97975, 190.19194, 78.693985, 102.32972, 145.14288, 86.721992, 149.92273, 52.497341, 43.417007, 97.821541, 154.05254, 66.292519, 181.991, 180.30254, 85.885323, 83.455643, 133.91435, 78.574814, 69.292725, 67.320724;
  102.1575, 90.149582, 113.06597, 108.07313, 83.237793, 178.573, 102.528, 107.03912, 182.97316, 56.510868, 164.18973, 104.79724, 82.872925, 152.91716, 164.12094, 193.41959, 87.63488, 140.68474, 103.51291, 93.079521, 104.1823, 130.35515, 63.151112, 115.71849, 93.181793, 191.02275, 78.020454, 68.830475, 146.96957, 155.61545, 121.18435, 91.36998;
  141.06149, 193.87416, 87.466522, 78.351372, 159.94753, 76.051994, 152.03561, 158.5159, 80.201805, 154.54321, 67.67189, 188.08095, 169.85208, 69.596626, 152.45654, 140.31932, 136.0527, 70.496674, 172.17616, 122.5292, 193.05626, 104.80888, 148.57692, 173.72221, 75.53466, 64.727203, 94.525879, 192.01471, 79.394348, 96.036324, 127.68091, 158.64268;
  40.803101, 165.1823, 46.839531, 146.6032, 148.97878, 141.34622, 176.99564, 131.26268, 48.225803, 56.926239, 86.911034, 160.10507, 178.01656, 74.914795, 74.002556, 160.95378, 206.13728, 59.184254, 136.6351, 193.64624, 123.30528, 148.26509, 48.038086, 227.56737, 62.140751, 64.037033, 133.02077, 164.51047, 50.729038, 40.22776, 147.32063, 192.36806;
  111.84106, 177.72409, 71.781578, 114.61443, 131.94429, 180.92986, 167.82109, 179.44707, 168.81642, 62.542732, 142.67369, 51.065704, 77.835518, 186.03197, 94.808876, 146.37448, 181.35161, 110.44173, 123.13319, 115.8899, 131.6566, 84.957825, 86.714539, 201.62354, 63.833076, 80.638847, 98.917206, 95.913651, 95.038628, 43.929192, 172.5383, 165.004;
  72.658867, 184.33188, 92.793884, 120.89223, 171.81013, 150.98621, 189.18463, 195.4938, 147.84087, 68.969955, 163.47929, 216.36122, 53.182358, 160.4669, 185.56087, 170.76733, 117.07266, 155.98375, 91.607513, 188.00314, 205.36769, 124.25642, 38.599998, 227.61519, 60.312313, 47.722794, 168.71738, 190.99057, 102.85101, 141.05083, 211.89082, 190.09485;
  103.08022, 175.01752, 209.63547, 101.58968, 218.49408, 162.96788, 117.37805, 177.51222, 189.3195, 89.980019, 183.73889, 233.70094, 47.579685, 185.17673, 236.40941, 79.668816, 97.287842, 168.78255, 89.546486, 146.90057, 161.60643, 88.71431, 165.69049, 53.756264, 100.17996, 136.64577, 185.54649, 236.12939, 243.01337, 186.31396, 229.62164, 168.39127;
  116.03262, 88.062683, 200.49132, 69.369652, 150.64029, 150.05852, 111.72981, 113.84247, 161.60652, 180.68401, 128.38098, 195.82697, 55.82188, 174.63544, 197.44505, 165.05991, 75.605827, 176.99306, 192.93707, 110.42377, 119.3671, 112.40851, 161.83275, 141.06038, 58.363174, 93.767525, 75.699745, 164.7386, 194.60976, 182.17834, 93.066849, 131.82928;
  111.39309, 128.30475, 131.09639, 58.74123, 161.89452, 100.46142, 91.880486, 96.010651, 88.196411, 145.1564, 60.932709, 76.3284, 163.69836, 82.929588, 90.1073, 152.52222, 133.94934, 67.357498, 185.55209, 65.912186, 58.815018, 90.594696, 190.00233, 96.908028, 73.545074, 79.029877, 56.522732, 109.14991, 151.53494, 77.179527, 109.09093, 88.73188;
  73.600845, 165.07675, 167.93671, 93.177734, 221.58629, 173.31976, 187.58824, 138.33348, 189.5874, 78.380959, 185.71402, 233.38614, 41.449863, 166.70799, 235.54637, 155.12059, 106.11751, 163.64763, 83.71891, 151.66164, 162.70702, 70.536278, 92.827454, 175.01247, 43.407703, 39.445518, 178.62564, 234.84399, 237.76332, 180.17676, 235.58026, 179.69861;
  120.20057, 117.96178, 38.992584, 169.09467, 66.195816, 99.738213, 89.456841, 83.309883, 72.906082, 64.855324, 100.90361, 161.91254, 199.32243, 63.033459, 47.145626, 144.54182, 187.56064, 75.974716, 154.02814, 186.48917, 95.80722, 140.62318, 47.404942, 192.9827, 175.38896, 132.32281, 146.49315, 141.00209, 37.043346, 56.373764, 91.151329, 73.461784;
  170.92105, 118.10297, 141.52995, 65.249008, 102.78144, 123.68367, 139.62228, 131.87079, 166.0255, 181.55075, 142.57896, 73.862877, 74.409409, 171.24084, 100.36956, 82.326485, 127.93887, 164.52699, 148.43292, 115.52352, 120.26559, 104.50025, 181.07475, 75.049263, 90.186142, 57.708664, 101.35471, 90.727974, 123.43465, 77.867081, 101.58639, 140.33961;
  162.86328, 91.193146, 88.215866, 94.261505, 50.70536, 80.374931, 66.02272, 75.489677, 90.864227, 172.14618, 84.202049, 49.69968, 201.16682, 64.856659, 32.914978, 128.80478, 139.20697, 97.562393, 179.48343, 97.076126, 86.971222, 170.71748, 164.8665, 61.024807, 176.66617, 194.16115, 66.97879, 36.830524, 46.578678, 79.017044, 41.24427, 62.049992;
  110.39322, 168.70088, 169.17516, 112.73738, 154.09789, 161.04599, 71.503914, 171.30173, 129.51695, 103.57288, 144.66225, 199.93695, 63.255749, 173.26903, 175.37924, 66.778618, 61.721737, 166.88742, 143.87035, 104.51197, 86.411232, 74.081535, 146.8931, 55.359089, 190.06377, 160.50154, 79.584259, 207.78099, 189.0083, 161.11472, 123.97961, 112.90945;
  179.49156, 81.619278, 212.23355, 103.24486, 148.07767, 95.4076, 88.425766, 132.43892, 180.60149, 205.8721, 167.92197, 205.91139, 62.207413, 174.47488, 211.76015, 105.838, 67.137352, 196.33549, 129.56386, 134.84114, 163.75589, 102.49602, 182.41483, 40.056534, 166.01427, 171.65523, 177.47932, 181.31493, 208.55367, 218.14494, 132.51585, 84.376091;
  186.24211, 188.11349, 217.37729, 189.46547, 184.78757, 179.68027, 115.73456, 219.41611, 189.29677, 125.42412, 179.99052, 218.78064, 65.77446, 224.63837, 230.73146, 116.27436, 109.64984, 211.18073, 164.01292, 149.10384, 191.11186, 102.58845, 169.29732, 181.29039, 202.43887, 199.91345, 214.86774, 230.03954, 212.98451, 204.64511, 220.17525, 137.34486;
  38.250198, 53.30558, 129.80876, 120.25877, 150.84741, 122.50877, 167.29961, 52.917728, 69.327492, 167.55638, 83.067131, 55.264343, 186.28168, 72.221916, 49.071915, 157.15459, 166.80997, 75.567734, 143.73605, 87.809364, 44.24522, 171.26434, 92.011353, 201.79083, 48.150398, 76.569122, 53.46793, 66.035057, 149.91394, 93.055183, 59.998009, 172.97012;
  178.27527, 78.996361, 116.03588, 176.38019, 51.763115, 65.296844, 80.410629, 79.118553, 94.541443, 160.65251, 141.47081, 103.58096, 178.32523, 80.639565, 44.657959, 130.90779, 159.08221, 180.56915, 167.47035, 193.42812, 97.184418, 149.11401, 146.54871, 138.57869, 191.03996, 185.21121, 184.12013, 83.214172, 53.256416, 118.99341, 65.053368, 68.630928;
  39.050198, 166.00433, 42.763741, 134.31906, 104.80384, 134.71846, 170.90799, 116.58878, 63.354397, 42.701286, 82.667969, 37.943317, 200.7059, 72.920959, 34.161835, 157.83789, 178.56383, 62.870476, 132.14612, 106.08337, 83.501953, 150.19905, 63.424641, 222.36363, 57.896729, 71.585609, 38.673447, 55.061737, 35.402859, 39.105873, 99.605225, 178.1927;
  133.7769, 121.23638, 211.40247, 93.906754, 188.54726, 105.86778, 177.84628, 178.96959, 147.51157, 199.90202, 144.51958, 199.50282, 54.528316, 187.75232, 216.05699, 123.70333, 96.03096, 193.74121, 146.00381, 176.668, 168.44035, 106.6283, 180.24075, 166.99071, 66.709885, 56.95356, 189.88271, 194.89783, 193.8217, 202.29356, 156.09525, 182.56601;
  131.40611, 83.314758, 89.478554, 66.551735, 72.82869, 61.585655, 89.637993, 72.316452, 85.338745, 171.34019, 78.815361, 195.56337, 184.58202, 49.462078, 138.57137, 163.17761, 77.794525, 86.071724, 138.7262, 140.70221, 160.16258, 161.86891, 110.10516, 98.627579, 96.50061, 86.830627, 96.37146, 122.74946, 60.964382, 162.12842, 48.683304, 87.220741;
  76.114799, 175.89978, 147.54303, 89.273132, 201.96518, 175.84309, 165.28204, 165.64912, 148.22656, 110.99413, 85.32618, 175.5005, 111.28245, 181.5491, 204.98077, 139.49707, 129.96619, 58.372143, 150.67848, 74.264427, 157.65762, 87.833977, 134.91658, 186.18121, 53.191742, 58.942905, 90.555374, 211.99272, 172.46265, 104.82304, 164.64832, 187.56975;
  92.99929, 116.93346, 169.87187, 62.894997, 197.64676, 93.146294, 182.13873, 120.605, 109.50613, 205.68523, 81.48867, 76.784805, 154.79919, 97.010147, 136.28032, 161.76521, 155.72911, 83.314529, 152.52737, 86.32869, 162.73477, 169.3438, 176.13638, 184.28835, 44.434875, 76.200096, 78.956581, 108.84592, 172.6116, 116.41482, 148.03917, 170.75671;
  112.39666, 88.50592, 78.71106, 66.89447, 95.825798, 73.717636, 178.88043, 86.785866, 108.33655, 173.66806, 100.93418, 74.784332, 181.12044, 55.634487, 117.01514, 110.17332, 112.47871, 76.445587, 54.630978, 106.07832, 184.84027, 185.82426, 101.28872, 83.649185, 68.306931, 82.711273, 80.684731, 44.392056, 83.984642, 131.84071, 97.801666, 163.83194;
  217.30205, 161.05424, 185.51826, 109.92988, 25.571583, 157.53166, 74.041916, 95.784248, 191.77469, 44.031593, 173.39836, 246.73108, 47.508091, 137.60518, 239.03807, 76.403915, 96.863617, 158.97365, 104.5722, 149.66743, 163.64555, 105.13947, 140.84111, 31.349052, 194.17168, 148.0957, 229.17984, 234.82817, 235.98474, 158.58176, 204.91031, 43.724457;
  172.30334, 171.98929, 193.84692, 108.68595, 157.40572, 162.1358, 79.154587, 172.45493, 198.43069, 98.130356, 170.14238, 95.204361, 58.55616, 189.29207, 193.98705, 93.022163, 60.875469, 168.8734, 113.12566, 61.184261, 138.84862, 97.093353, 189.81049, 44.121902, 189.48291, 183.8858, 129.42505, 131.16472, 217.8856, 182.66754, 200.52629, 63.891434;
  96.831146, 191.13966, 106.97865, 124.58727, 177.04584, 150.57669, 150.80548, 210.257, 170.81155, 79.956902, 196.28149, 220.10577, 53.341236, 184.13654, 208.18257, 60.964935, 104.32008, 172.83467, 55.76572, 178.77238, 196.60313, 74.69677, 69.169052, 93.226837, 134.58981, 118.62899, 172.31049, 220.55612, 153.6425, 154.53065, 210.5524, 198.88776;
  39.880314, 75.89798, 35.852024, 132.0567, 92.35215, 67.957115, 177.93446, 64.94355, 47.980801, 149.61943, 78.243088, 166.36546, 205.12801, 48.397594, 35.569382, 172.58769, 189.25627, 85.450714, 138.61252, 191.15195, 94.483871, 148.49654, 42.270866, 211.81784, 46.768433, 65.327316, 81.402588, 118.79378, 19.591782, 58.963772, 42.757042, 180.61137;
  115.13737, 82.912697, 105.04205, 95.677612, 97.263321, 59.720066, 180.31218, 124.72588, 77.121147, 157.83279, 138.01582, 196.0797, 85.115738, 53.119743, 162.82419, 101.46015, 96.86824, 165.86264, 55.502205, 210.02223, 191.45395, 168.9151, 72.449142, 129.02083, 77.323189, 66.988586, 162.28915, 128.62816, 95.120949, 182.0779, 107.65599, 183.09772;
  59.249607, 76.734718, 41.178192, 148.97423, 78.330605, 82.465599, 174.24734, 75.409683, 56.381989, 111.45811, 81.540848, 35.485283, 200.46021, 62.365093, 37.786098, 166.7368, 201.99983, 77.877022, 121.45654, 195.98083, 88.155899, 151.98868, 68.383904, 210.26668, 56.35743, 71.557915, 152.20554, 40.514198, 26.190559, 62.112175, 66.618362, 167.48093;
  99.63826, 188.06693, 57.490166, 163.66675, 119.91431, 159.91025, 160.33101, 183.88651, 121.79833, 79.660637, 106.60616, 155.17816, 160.08818, 170.24101, 114.41669, 85.380058, 180.83676, 63.689804, 121.23514, 154.13747, 159.39046, 71.033234, 82.229485, 193.41443, 134.53697, 56.311554, 149.24011, 195.92471, 62.458965, 44.455574, 125.72417, 183.51007;
  85.290718, 174.43129, 105.63656, 131.18671, 165.54585, 121.34272, 181.35309, 178.83128, 65.371262, 90.466667, 106.52258, 188.33275, 98.871162, 68.782211, 171.07057, 86.471947, 105.98162, 101.88505, 65.081139, 186.20528, 183.80666, 143.77986, 72.461586, 180.33548, 87.188072, 50.950539, 162.07782, 185.37302, 116.63832, 148.29053, 174.39043, 196.55289]