Name:Pizza Hut
Detect:1
Describe:3
Size:100
Length:32
[192.90886, 148.61922, 177.34332, 103.61548, 95.028709, 165.14482, 68.818977, 92.223465, 202.603, 59.545567, 164.73907, 112.09113, 48.64669, 153.40698, 198.53183, 116.79775, 46.91885, 147.40324, 115.11236, 46.305866, 120.57803, 98.445694, 171.52933, 34.593006, 164.78276, 177.83769, 121.29713, 118.73158, 207.05368, 156.60548, 182.21597, 49.94257;
  33.206108, 159.39981, 49.841602, 188.20038, 117.35783, 167.85973, 137.44179, 103.43416, 65.575378, 54.173664, 87.606873, 40.915077, 202.45802, 89.460876, 33.004772, 88.558205, 192.28244, 69.799622, 126.23092, 116.9437, 85.159355, 146.25096, 58.139313, 205.59924, 199.52768, 159.51144, 58.912212, 90.77195, 39.770039, 40.645992, 128.85497, 165.57825;
  55.583187, 74.855751, 35.404423, 63.703541, 82.938934, 68.923012, 142.29204, 68.410622, 65.885841, 152.18761, 79.699112, 40.406193, 197.93805, 44.757523, 26.385841, 94.582298, 139.41681, 67.99115, 67.004425, 104.55133, 77.210617, 157.09381, 86.416817, 72.131859, 57.881416, 63.534512, 33.748672, 24.493805, 38.213276, 54.884071, 35.304424, 143.02832;
  32.167229, 87.723953, 35.518486, 127.86303, 86.160088, 86.445801, 175.95126, 166.14034, 55.982773, 172.35294, 76.752945, 19.377312, 209.93152, 78.281517, 16.197899, 193.66261, 160.21135, 98.465546, 137.47731, 107.73319, 78.992859, 148.82899, 75.711769, 220.35252, 43.785713, 71.877731, 26.732773, 20.250841, 10.857143, 62.584454, 21.572269, 179.54202;
  45.479794, 75.250748, 33.328594, 126.20959, 98.52021, 71.748505, 176.33159, 52.835331, 49.34581, 158.83159, 76.059135, 164.8271, 202.30765, 43.829342, 24.955839, 173.49925, 168.64073, 78.973061, 137.06886, 95.381737, 78.253746, 149.03444, 42.693863, 206.14073, 44.060631, 63.58683, 27.440868, 117.50599, 15.527696, 55.453594, 28.054642, 175.625;
  94.977974, 142.09196, 68.21373, 161.50259, 90.525902, 191.49352, 85.43782, 119.1943, 153.14766, 41.900257, 158.44041, 50.160622, 71.78756, 159.04144, 68.808289, 87.727974, 130.39636, 130.70854, 87.849739, 89.665802, 66.291451, 79.906731, 69.607513, 81.121758, 187.19171, 167.02719, 89.612694, 87.944298, 116.51554, 55.651554, 146.1373, 98.476685;
  76.322853, 158.35571, 120.82429, 77.894287, 190.99715, 134.97142, 122.42286, 101.87428, 93.48571, 109.81, 70.135712, 47.491428, 165.41429, 94.117142, 85.954285, 84.25, 135.73143, 45.691429, 104.89143, 53.535713, 62.487141, 103.67857, 172.90714, 57.868572, 78.804283, 107.51572, 49.619999, 110.99429, 172.63428, 66.835716, 160.59428, 149.33;
  40.748489, 86.406921, 43.474464, 159.15047, 47.153214, 83.383858, 124.18177, 96.233391, 51.300385, 163.7084, 73.275673, 16.862164, 210.53049, 71.223503, 10.523888, 99.586494, 162.23228, 96.622185, 147.81879, 111.97364, 76.531029, 146.01208, 70.552444, 210.57002, 185.67766, 92.102142, 31.515102, 19.533224, 4.9549699, 62.772652, 26.124107, 99.423943;
  76.263924, 77.043579, 40.782082, 151.48991, 49.889427, 81.857948, 71.683617, 67.122681, 58.118641, 145.6255, 80.991928, 32.807102, 207.81436, 52.463276, 16.567392, 85.73204, 146.63599, 84.058914, 73.996773, 103.23567, 72.442291, 150.67877, 77.406776, 60.846649, 201.38095, 176.18079, 48.397095, 28.307505, 27.937046, 66.648102, 27.365616, 79.108955;
  76.815826, 176.12852, 210.45924, 85.564262, 222.2594, 174.74294, 188.13872, 191.06348, 192.2688, 90.918495, 181.84012, 232.24373, 43.358932, 187.3848, 243.6246, 170.99921, 99.594826, 167.38087, 92.732758, 149.40439, 161.34404, 85.529778, 169.51724, 142.37775, 38.706112, 66.084641, 178.60188, 234.4561, 244.25313, 191.57132, 231.96082, 185.69749;
  153.32918, 147.30249, 126.09431, 118.13345, 164.9146, 83.612099, 115.71175, 126.21352, 95.39502, 157.92705, 66.113876, 158.68149, 173.86299, 103.3541, 112.63523, 130.6548, 153.36121, 79.489326, 202.9395, 102.18327, 121.2847, 92.804268, 173.7847, 169.39679, 132.56584, 82.379005, 117.64947, 191.19395, 113.80071, 90.658363, 112.23132, 92.460854;
  25.895393, 152.27946, 47.007805, 134.73537, 191.95473, 188.01015, 175.93755, 83.879784, 60.053082, 50.837627, 82.019516, 33.266979, 189.96799, 71.50898, 35.418423, 154.48868, 182.47775, 45.112411, 135.77596, 79.604218, 73.5121, 152.40984, 62.839966, 221.53004, 52.674473, 62.81889, 46.349728, 97.537079, 76.191254, 30.823574, 150.54723, 191.274;
  163.6907, 76.475243, 130.33015, 80.177238, 86.114685, 89.120766, 121.51347, 74.079063, 79.647263, 179.61426, 64.825371, 39.70113, 197.09645, 72.217201, 44.469158, 185.45265, 148.66551, 85.174637, 186.83928, 92.132065, 76.774109, 177.19722, 187.46135, 163.01303, 61.543007, 91.585579, 77.790619, 33.359688, 67.553436, 93.633362, 44.748917, 84.907043;
  161.53983, 65.8573, 150.14713, 163.48672, 58.740044, 69.006638, 71.485619, 37.509956, 82.696899, 164.59071, 75.022125, 165.47456, 196.93031, 72.720131, 43.373894, 125.27876, 173.55753, 104.40266, 188.58186, 180.21571, 66.38385, 177.45244, 133.3219, 159.19801, 183.75552, 148.30753, 128.51991, 124.86726, 62.488937, 106.8396, 39.724556, 78.448006;
  143.64789, 98.597183, 88.474648, 97.694366, 88.767601, 53.687321, 92.887321, 130.41408, 98.587318, 193.2028, 103.44507, 80.016899, 203.01126, 68.274643, 101.5845, 121.9493, 75.625351, 116.20704, 85.756332, 110.69859, 162.37042, 178.26619, 150.869, 43.119717, 176.95493, 184.07465, 82.549294, 46.792957, 81.121124, 187.6507, 80.459152, 65.429573;
  219.31863, 103.55515, 153.15196, 96.156868, 62.664219, 46.904415, 75.876228, 116.21446, 166.02942, 197.69241, 168.34927, 126.03064, 96.606621, 83.816177, 182.14828, 118.47794, 44.053925, 191.95834, 117.09192, 115.76839, 187.0576, 116.7929, 205.50735, 27.22304, 185.59927, 193.41055, 130.71814, 93.01226, 122.61642, 198.70221, 96.707108, 53.988972;
  53.653511, 86.610199, 94.374397, 123.26949, 101.78633, 162.62849, 176.56689, 112.63908, 90.54187, 84.498558, 96.472572, 202.28488, 59.897015, 115.45043, 174.61983, 171.39557, 129.6795, 102.10394, 124.56208, 193.71608, 147.05968, 153.62367, 30.917229, 221.89317, 48.605389, 55.252167, 130.09431, 146.59, 65.300285, 101.79403, 79.587105, 189.53899;
  93.968987, 123.00214, 99.510162, 77.641716, 92.988235, 146.8385, 164.40428, 99.76899, 159.19893, 58.567917, 164.7861, 219.11658, 40.456684, 133.91231, 212.63637, 100.29947, 94.390373, 149.43958, 46.40107, 160.98396, 158.99359, 66.675934, 55.770054, 82.40107, 51.722996, 37.814976, 169.53049, 198.57755, 145.01497, 138.97006, 152.95615, 164.6524;
  43.682854, 70.916115, 36.829285, 146.86388, 71.571747, 79.82708, 180.48639, 66.935982, 47.329655, 123.45695, 76.27594, 28.428257, 208.20604, 63.08094, 28.024282, 164.79102, 209.70125, 86.384842, 136.43488, 210.93451, 73.130981, 148.56145, 60.026489, 214.26491, 52.652687, 70.256073, 145.48198, 28.495216, 13.181751, 59.002945, 52.144958, 179.24872;
  32.511261, 130.25803, 52.219795, 127.69693, 217.00955, 95.354263, 172.65051, 144.37201, 62.617065, 179.98293, 81.1959, 25.223207, 207.51808, 85.741982, 20.423891, 143.34811, 163.88054, 93.197952, 139.46211, 111.25324, 94.682594, 155.91945, 84.574745, 215.53378, 61.991127, 69.407509, 33.413651, 54.572697, 35.867577, 80.313995, 116.91536, 184.37132;
  55.422222, 78.900002, 58.476669, 59.514446, 110.06001, 60.555557, 171.40001, 68.630005, 72.01667, 187.27, 87.68, 183.23778, 192.09778, 45.828892, 139.31778, 176.97667, 152.50223, 71.858894, 133.78334, 131.69778, 176.60223, 156.92111, 66.924446, 194.42889, 40.204445, 61.458889, 36.061111, 130.30779, 47.344444, 83.861115, 39.08889, 176.33667;
  184.08543, 86.078865, 136.39978, 189.80396, 46.398689, 129.39212, 89.136917, 163.33078, 165.49947, 108.71851, 191.56409, 218.11392, 64.675797, 167.57175, 171.49507, 120.53889, 104.78532, 221.15335, 142.97153, 199.07997, 189.84996, 138.57285, 68.026291, 174.70209, 204.9321, 155.87624, 221.34721, 141.48521, 63.027386, 191.46002, 71.49617, 84.977005;
  124.59524, 176.71989, 175.43417, 189.51401, 190.69188, 209.472, 166.76331, 189.54622, 169.4944, 96.124649, 177.43558, 56.956585, 79.159668, 213.43558, 109.63026, 112.993, 196.61905, 176.54202, 187.32074, 106.70028, 117.77731, 96.123253, 161.50841, 207.81093, 144.71289, 152.06163, 156.53781, 170.01961, 184.52521, 98.554626, 204.24791, 175.41597;
  125.49628, 93.942047, 41.499256, 168.40862, 49.661217, 64.576523, 120.72585, 86.204308, 60.990341, 111.59212, 79.958397, 151.71396, 219.26746, 58.450222, 31.865526, 93.566116, 208.10921, 98.44725, 155.87221, 214.96284, 100.97548, 148.50371, 29.143387, 212.38335, 204.37741, 104.29049, 150.30312, 123.17162, 12.578009, 63.427933, 62.462852, 96.381874;
  181.2224, 97.110451, 133.8791, 198.31493, 67.665672, 107.31493, 87.977615, 136.35672, 146.78209, 137.03284, 170.06567, 56.570148, 134.81194, 160.39851, 65.102989, 113.98656, 151.34627, 203.79552, 155.94478, 159.09402, 99.686569, 113.11045, 156.43881, 107.49403, 206.57014, 211.7209, 178.7, 66.079102, 90.910446, 145.95224, 102.60299, 80.714928;
  113.67019, 156.01057, 116.07319, 159.7469, 153.30864, 160.42416, 98.203697, 130.02292, 175.70193, 62.046734, 170.38712, 233.70369, 50.320988, 157.99823, 221.13844, 70.533508, 103.02998, 160.09435, 74.088181, 152.14815, 164.58907, 67.467369, 42.519398, 60.417107, 204.50969, 149.26543, 188.59523, 234.88271, 201.98941, 162.21869, 224.11816, 88.037033;
  221.29675, 167.81879, 211.6532, 120.86832, 146.67041, 161.60027, 76.229469, 87.292053, 194.66077, 75.632599, 176.85216, 249.13612, 49.017735, 153.42477, 239.73248, 65.425293, 105.38332, 160.40523, 117.31552, 153.17471, 175.48737, 107.67667, 162.61539, 41.380966, 212.1257, 169.28502, 234.75021, 244.0665, 247.68268, 190.28293, 239.24512, 57.374187;
  86.462616, 70.303734, 53.345791, 50.188473, 61.003113, 119.38161, 91.447037, 42.741432, 102.10748, 50.074764, 62.012459, 83.775696, 83.577881, 63.506229, 80.331772, 107.67757, 98.545166, 44.800621, 95.565414, 79.258568, 44.598129, 78.260124, 73.783485, 63.830215, 54.811523, 45.813084, 55.352024, 76.105919, 87.056068, 31.401869, 69.207161, 87.063858;
  122.16734, 67.995964, 65.909271, 87.211693, 33.99395, 61.909271, 64.608871, 64.653221, 103.80846, 75.834679, 132.3125, 128.21976, 65.211693, 35.790321, 112.10282, 113.60484, 57.433468, 140.15726, 78.395157, 143.45766, 85.473785, 90.552414, 68.590721, 35.153225, 162.62701, 158.48387, 99.93145, 62.405239, 79.560478, 129.88507, 75.072578, 41.536289;
  61.030331, 116.02837, 72.914871, 155.83366, 89.351273, 196.77887, 172.22308, 92.875732, 130.41292, 43.612526, 94.087082, 122.07632, 86.906067, 162, 71.863991, 146.07338, 197.89726, 76.761253, 140.29355, 145.48924, 72.444229, 109.48923, 40.705479, 220.28963, 57.02446, 63.887474, 125.37965, 135.66243, 64.178085, 26.273972, 108.64775, 186.64677;
  216.991, 181.32004, 118.15583, 165.10561, 76.399872, 136.93755, 79.798454, 174.29042, 173.57117, 62.667744, 172.52287, 232.01289, 55.0322, 163.48938, 199.94398, 95.698654, 102.21314, 173.11848, 103.33549, 154.70445, 214.68063, 73.133934, 100.88152, 61.307793, 212.28333, 190.23697, 222.88025, 198.97748, 90.697365, 157.21121, 202.73085, 75.730202;
  76.869858, 84.88781, 99.039642, 123.53927, 115.092, 46.275993, 189.45476, 118.52656, 67.00898, 160.14287, 104.09051, 212.30217, 125.59312, 56.700077, 173.63052, 162.52505, 110.62902, 122.52057, 75.429321, 224.02917, 193.85939, 161.87584, 55.521317, 202.49141, 54.44054, 58.263279, 161.97682, 135.68063, 67.512344, 187.55647, 96.353035, 195.41736;
  71.870766, 162.85735, 118.38206, 95.858047, 216.78461, 170.05014, 187.6017, 140.15891, 183.81285, 71.701981, 180.81073, 236.05508, 41.771893, 167.09039, 234.65324, 156.37288, 107.09393, 163.22104, 74.807205, 154.41313, 165.12924, 61.596046, 38.443504, 180.66455, 44.564266, 45.161018, 174.58475, 237.22952, 234.11087, 162.08757, 234.3185, 179.38347;
  183.69867, 72.334663, 207.5, 146.95734, 115.48533, 120.11333, 139.21866, 125.74933, 175.92534, 185.25067, 166.748, 224.39732, 73.552002, 186.60933, 205.75067, 195.168, 108.26, 201.01866, 170.98534, 176.34799, 173.76801, 130.828, 141.17332, 194.25067, 102.116, 106.27067, 222.53734, 162.69733, 149.76399, 212.83467, 109.02267, 101.856;
  97.584167, 66.912926, 32.254883, 128.38628, 45.123482, 79.645386, 158.25224, 46.168339, 53.223747, 161.54987, 69.578888, 21.005804, 204.76306, 49.7314, 13.008971, 188.50079, 156.60896, 80.710815, 145.31873, 101.63747, 73.469131, 149.08919, 67.060158, 199.00792, 50.240105, 69.173615, 42.469658, 15.364644, 6.9509234, 59.949867, 21.23905, 59.617413;
  172.67955, 142.87683, 155.07726, 120.77557, 156.68581, 95.200417, 69.176414, 116.05533, 125.28602, 163.53654, 119.13361, 46.10334, 194.23801, 109.20668, 81.538628, 68.969727, 133.93529, 94.594994, 139.55637, 58.315243, 78.702507, 98.893532, 219.26514, 30.09499, 199.3737, 189.15762, 101.22652, 108.70355, 177.10335, 112.95929, 149.65344, 60.184761;
  86.636604, 177.27499, 93.966072, 153.89821, 122.27768, 163.77946, 170.22322, 142.63304, 157.66161, 51.677677, 192.42946, 206.36339, 48.20982, 167.97768, 174.03215, 175.27321, 126.09464, 169.54018, 144.46696, 164.64911, 185.40804, 81.458038, 40.010715, 230.24464, 66.698212, 75.024109, 177.54465, 182.55624, 77.271431, 122.4625, 189.18036, 190.98036;
  198.97357, 164.61009, 193.71579, 89.173225, 179.23781, 167.76102, 81.852615, 122.2249, 198.18967, 77.058716, 178.05461, 243.66882, 45.975338, 159.66882, 241.15384, 172.42395, 98.74868, 161.18027, 116.53083, 151.07281, 170.50851, 105.19202, 161.12155, 56.682911, 77.92601, 156.45097, 224.08632, 234.97182, 246.92601, 190.31297, 236.90428, 58.207279;
  24.587336, 162.5853, 74.648621, 156.73137, 196.56487, 199.16753, 179.01636, 149.6282, 60.649647, 52.995918, 90.097038, 131.23187, 164.51482, 170.15323, 67.111343, 129.62207, 223.06436, 60.304394, 138.68233, 159.40042, 77.556694, 143.50256, 45.655773, 234.09091, 72.338104, 61.430035, 135.30542, 175.43208, 116.43514, 49.31665, 167.22575, 204.93463;
  104.37774, 99.248032, 104.93602, 143.35233, 98.883438, 145.84663, 192.27783, 177.46362, 163.96758, 107.49957, 177.97284, 219.86153, 61.375988, 178.34006, 181.0894, 180.48553, 112.72218, 209.05609, 99.600349, 205.19106, 200.9369, 152.03769, 37.660824, 222.61438, 59.816826, 65.557404, 187.7213, 137.60474, 80.782646, 184.2007, 94.013145, 188.48993;
  28.869219, 73.044388, 33.78788, 127.90484, 87.251198, 88.566452, 177.72807, 32.987507, 55.202019, 174.27884, 75.240028, 14.373205, 207.06299, 50.952682, 13.617225, 196.021, 158.35194, 89.177567, 135.80249, 105.18819, 71.420517, 147.62892, 65.519936, 207.96332, 40.217968, 68.426369, 18.980862, 18.470228, 7.9550772, 57.579479, 21.593035, 187.59941;
  185.22841, 184.64345, 97.115135, 174.33612, 81.641594, 142.32869, 139.29619, 200.2117, 174.96471, 67.259979, 175.59331, 236.02414, 51.678738, 166.11606, 184.23212, 155.7298, 109.14113, 172.08078, 92.424324, 163.52182, 223.3194, 59.839367, 29.243267, 180.70009, 176.23398, 94.6091, 228.3454, 190.98514, 75.63974, 159.02135, 206.95914, 70.052925;
  72.683678, 120.37756, 97.731781, 84.001457, 123.11808, 99.491257, 167.54228, 140.52187, 92.338196, 139.43149, 119.52187, 69.268227, 118.20409, 66.981049, 137.70117, 101.26823, 85.049568, 119.86881, 34.428574, 117.55831, 167.23178, 164.45335, 99.845482, 88.125366, 73.574348, 107.17639, 80.462105, 60.577263, 109.14286, 159.98543, 128.66327, 180.15161;
  105.57863, 169.63896, 200.0079, 90.743813, 210.7814, 195.9624, 127.25321, 177.47476, 187.11473, 116.33729, 174.71414, 91.914932, 39.926804, 189.65776, 222.71611, 116.30069, 58.924824, 158.21858, 97.708206, 50.749752, 147.82097, 94.617203, 203.88821, 56.140453, 74.439163, 150.17012, 110.54599, 145.58159, 239.96735, 178.63007, 203.00197, 169.74974;
  192.68631, 81.93425, 157.29453, 107.4685, 51.235619, 112.76713, 68.330139, 70.906853, 173.94247, 152.61507, 150.15891, 49.724659, 102.22466, 134.55479, 79.534248, 85.810959, 77.850685, 164.98357, 132.84384, 61.869865, 59.189041, 92.778084, 190.5959, 22.315069, 189.10548, 187.44521, 93.553429, 71.578087, 152.32741, 124.79315, 64.879456, 55.858906;
  39.693703, 69.410858, 36.291557, 129.88808, 82.403488, 118.07574, 168.32373, 39.793568, 56.081772, 29.731905, 76.12735, 22.708447, 191.62199, 47.117294, 24.734585, 163.45309, 171.14813, 51.420914, 134.54089, 90.445045, 60.672924, 148.64343, 54.900135, 205.01006, 46.109921, 68.925606, 34.169571, 35.966488, 24.863272, 36.451073, 43.117966, 174.28017;
  135.82645, 150.62259, 144.29477, 169.62949, 126.94766, 201.0248, 66.147385, 102.54132, 166.39256, 85.797523, 110.94353, 44.327824, 159.22452, 186.7562, 77.16391, 126.14325, 159.47659, 87.303032, 214.54271, 41.444904, 54.85675, 84.535812, 172.26723, 153.82094, 186.26033, 189.89256, 85.661156, 120.7383, 132.854, 58.365013, 118.09917, 83.949036;
  62.33931, 174.43535, 132.49297, 77.713188, 199.97568, 181.49168, 186.46863, 176.72728, 139.0128, 84.823303, 136.09859, 94.139565, 46.270168, 174.7132, 202.49297, 144.60692, 88.153648, 124.56339, 69.907814, 75.325226, 156.99744, 83.919334, 122.81562, 154.94238, 50.613316, 52.81562, 97.308578, 140.40845, 202.82202, 137.3726, 206.25737, 174.14725;
  159.36029, 171.3654, 190.97952, 134.38382, 155.83623, 205.78096, 77.560898, 169.96008, 181.11873, 78.004089, 165.42682, 43.041965, 58.918118, 202.86591, 97.199593, 67.984642, 97.221085, 171.07266, 138.84544, 53.896622, 56.318321, 93.80143, 198.99898, 53.536335, 203.97646, 188.51894, 111.10952, 120.07267, 216.12589, 134.06857, 191.23439, 78.848518;
  199.00856, 180.13344, 225.3046, 124.50954, 172.54872, 160.53256, 76.054848, 217.76151, 199.24486, 87.225998, 180.4045, 248.04039, 50.298969, 191.4826, 239.93069, 63.406708, 105.70886, 166.58815, 119.81268, 154.50417, 177.56047, 106.17923, 169.32443, 49.251469, 215.89006, 187.82149, 231.75342, 243.72183, 247.4787, 195.14299, 237.61557, 74.62561;
  91.727203, 72.800468, 29.155106, 137.44272, 47.032734, 48.870617, 160.93608, 58.13562, 50.95713, 156.01559, 69.466095, 168.11223, 207.73187, 50.666405, 22.059237, 181.0717, 185.40842, 90.379578, 150.30241, 203.56898, 81.437256, 148.58768, 29.841778, 207.1138, 72.916603, 74.187057, 97.391273, 109.33983, 10.666407, 62.978176, 38.537022, 66.236168;
  91.545242, 89.450005, 142.59525, 175.27501, 142.60358, 105.97501, 89.414291, 107.95477, 68.920242, 176.73096, 77.435715, 26.520239, 203.19763, 95.197624, 35.388096, 135.47501, 161.05357, 93.165482, 180.8631, 87.960716, 62.190479, 175.98691, 159.11786, 189.16072, 187.12978, 192.5262, 67.871429, 46.383335, 97.62262, 106.31786, 76.257149, 104.3762;
  199.65994, 89.115608, 215.73402, 114.88889, 123.99327, 119.36588, 72.250282, 138.4523, 201.26152, 205.9843, 166.91022, 75.598206, 57.593716, 182.81706, 170.5881, 75.491585, 37.937153, 195.38609, 117.90124, 54.496075, 105.37262, 102.05276, 213.20877, 26.784513, 205.27049, 185.25253, 127.18295, 104.16836, 220.49159, 216.15265, 110.3614, 56.975311;
  124.827, 84.138649, 100.41963, 76.796318, 42.736195, 134.67975, 70.527611, 87.277298, 167.73129, 41.058895, 157.80981, 198.72392, 38.591412, 125.99387, 205.91533, 87.957054, 66.824539, 149.53006, 72.014725, 142.71288, 95.811043, 53.671165, 93.191414, 26.936195, 121.50307, 120.92516, 156.79509, 139.97177, 142.65276, 133.65521, 120.20245, 51.170551;
  85.388893, 100.44762, 169.15556, 54.12381, 186.38571, 80.706352, 174.55873, 91.065079, 87.050797, 191.19682, 81.476189, 175.60318, 153.2381, 75.26667, 192.36667, 154.95396, 102.2, 67.509521, 133.04921, 93.55397, 155.42381, 149.68571, 165.59525, 152.46985, 37.403175, 58.046032, 83.468254, 169.64603, 171.01428, 165.79524, 115.43968, 168.32063;
  182.28735, 182.15599, 221.43843, 197.21182, 176.40887, 177.14122, 109.09688, 207.21017, 188.94171, 117.72824, 178.13219, 217.41789, 64.569786, 217.76601, 231.48933, 127.22332, 111.85468, 194.1174, 165.88916, 156.28983, 187.1683, 104.64532, 169.21758, 179.75697, 204.68309, 196.59688, 220.99261, 229.61659, 213.88013, 202.13547, 219.62808, 124.26601;
  61.851418, 179.03773, 57.930424, 70.14505, 183.77594, 136.87029, 179.6769, 144.46815, 88.821938, 100.61674, 92.798347, 115.15095, 167.55896, 63.308964, 133.06015, 154.07193, 169.80307, 41.469341, 106.67335, 90.287735, 185.08963, 150.9151, 86.403305, 206.39151, 48.577831, 51.018867, 70.550705, 148.48586, 111.37736, 51.14151, 173.92924, 177.78302;
  126.99873, 197.80099, 101.09068, 125.02015, 114.76196, 164.84004, 102.56297, 211.42821, 175.49495, 85.319893, 186.94206, 80.471031, 69.969772, 179.15616, 172.30478, 87.230476, 83.046593, 182.27077, 83.498734, 113.98992, 184.07178, 74.034004, 136.22166, 73.457176, 175.42442, 183.07178, 124.91561, 120.60705, 121.5743, 152.80353, 180.65491, 125.38035;
  172.93863, 89.423653, 124.6048, 49.724552, 87.378746, 35.402695, 129.0584, 113.38324, 109.63623, 183.52396, 142.86378, 211.06587, 78.39222, 65.163177, 182.23653, 147.09581, 71.696114, 182.35181, 101.26946, 200.15869, 190.42964, 129.03145, 148.34731, 70.498505, 62.38623, 71.956589, 166.11678, 138.93414, 112.74252, 188.25, 105.74402, 95.742516;
  136.43431, 134.68005, 70.36496, 184.59367, 62.840633, 179.00729, 104.31995, 119.78102, 157.48662, 51.703163, 143.98175, 151.54501, 98.620438, 152.53528, 78.839417, 112.14112, 171.66301, 134.27493, 161.98662, 170.38808, 102.09611, 118.37469, 35.099758, 210.40388, 200.25182, 137.21776, 163.84915, 140.20195, 50.872261, 51.688564, 113.83334, 95.031631;
  200.28732, 95.869247, 205.57384, 123.5456, 134.84908, 85.6707, 83.6707, 161.7966, 176.58112, 210.26715, 173.68523, 227.62227, 66.530266, 176.93704, 219.84665, 96.829697, 83.579498, 203.16141, 119.69975, 179.48749, 178.08635, 100.59806, 182.2623, 41.405972, 189.17836, 182.08313, 213.69168, 190.73042, 190.26553, 223.01775, 124.94915, 79.774818;
  133.56627, 163.30482, 40.69759, 170.24338, 88.906029, 116.93494, 72.239761, 104.80723, 98.818077, 58.69759, 96.28434, 39.161446, 206.36868, 72.554222, 29.507229, 108.05663, 161.95905, 65.807228, 124.72169, 90.149399, 98.067474, 130.25061, 87.980728, 95.043373, 196.12651, 185.26988, 88.516869, 63.755424, 41.786747, 47.172291, 137.5482, 63.804821;
  169.76947, 79.255989, 210.74103, 136.47456, 77.151199, 162.32785, 62.627247, 114.78893, 174.01498, 160.75899, 156.93414, 205.99551, 56.007488, 172.19312, 182.58684, 95.709587, 57.206589, 217.89073, 186.77545, 156.2036, 72.008987, 149.40869, 145.66467, 75.83683, 197.43863, 191.39821, 122.04042, 153.89073, 148.14223, 196.01498, 54.229042, 74.631737;
  35.646439, 84.384369, 49.444138, 145.07909, 83.368279, 87.017929, 173.15909, 88.436783, 53.014713, 174.26437, 77.026665, 13.966437, 209.69196, 68.715401, 12.757241, 64.406441, 163.12, 97.44368, 137.08459, 109.12276, 77.125061, 148.03218, 72.877243, 210.84966, 69.501152, 63.312183, 23.902069, 23.696552, 6.8501148, 60.265747, 23.454712, 194.33655;
  151.20703, 143.45294, 161.44417, 188.55206, 107.95483, 189.94604, 69.785446, 108.10665, 155.59473, 48.818066, 162.35759, 188.08406, 54, 174.35382, 159.34253, 130.11794, 120.21957, 166.44542, 191.52446, 140.89334, 82.077789, 65.993729, 112.35884, 151.52573, 195.27478, 175.11166, 192.51317, 198.11166, 149.78043, 132.96487, 162.69762, 84.304893;
  47.54784, 165.84331, 143.77812, 127.90325, 197.70451, 213.79074, 173.26497, 131.47528, 105.80967, 88.355408, 88.909561, 37.989483, 145.45215, 183.70241, 89.817032, 140.13458, 177.40167, 57.245003, 156.92743, 43.555202, 66.296524, 116.04416, 142.00841, 215.39432, 55.333332, 67.67823, 67.644585, 123.76025, 165.94637, 59.019978, 158.08411, 190.34804;
  148.41519, 66.996628, 160.19493, 113.65907, 90.651474, 100.0405, 64.14093, 49.76709, 77.893669, 186.05316, 52.118145, 35.258228, 200.77383, 71.129959, 61.850632, 81.798309, 146.16708, 77.775528, 176.18565, 75.010124, 36.526581, 167.99663, 198.39662, 49.113926, 182.72911, 189.73334, 73.105484, 55.236286, 153.94177, 100.83882, 34.272575, 67.065826;
  161.47229, 78.075294, 48.128681, 176.42094, 34.421631, 84.204659, 81.626289, 76.144424, 63.559208, 148.45517, 75.299797, 24.752226, 209.76591, 65.001373, 15.418892, 135.12526, 171.0226, 93.022591, 164.21561, 117.17043, 91.715263, 157.59207, 69.20945, 199.39084, 193.03629, 176.68036, 79.479813, 26.986996, 8.0951405, 66.752914, 29.798084, 73.214241;
  138.3358, 73.335793, 187.83211, 87.180817, 134.30627, 70.389297, 72.632843, 60.217712, 96.878227, 193.58487, 92.11808, 185.19742, 156.73247, 64.929893, 182.19557, 109.70664, 66.642067, 108.81181, 141.92436, 85.522141, 112.17159, 139.39114, 180.65129, 43.512917, 153.72694, 164.35979, 97.420662, 159.57196, 180.44466, 197.79152, 80.223251, 74.686348;
  86.220917, 95.551636, 117.06144, 180.13072, 85.226143, 144.53203, 148.99478, 135.50197, 143.42223, 102.28366, 211.39217, 186.19217, 72.241829, 162.77779, 170.87843, 93.02092, 115.52288, 187.97517, 52.362095, 194.69281, 174.36993, 139.85229, 54.849674, 128.61046, 167.72289, 186.14641, 169.02223, 146.19347, 110.22876, 169.35817, 118.95686, 182.9621;
  60.580341, 184.43932, 92.270088, 113.78034, 166.92479, 139.71111, 187.11795, 195.07265, 74.683762, 75.042732, 103.49829, 209.41283, 81.149574, 108.38804, 180.58205, 155.7812, 121.84872, 108.73505, 90.700859, 205.41624, 200.33418, 162.36411, 49.084618, 223.81709, 59.268375, 48.476925, 152.50171, 174.05128, 90.41111, 142.4718, 197.00085, 196.33076;
  30.542953, 177.16676, 39.221226, 143.05334, 151.30602, 145.53229, 184.39136, 140.55643, 45.858509, 57.977543, 88.255478, 164.84503, 201.76868, 68.468842, 82.873672, 173.10445, 224.60472, 59.025829, 138.60753, 210.3324, 154.93318, 154.53172, 39.201012, 237.47054, 54.115105, 63.179115, 135.34138, 163.18024, 32.536777, 35.308254, 164.47446, 199.78102;
  99.380051, 192.28975, 110.92992, 202.31805, 165.73315, 159.59703, 128.77357, 217.562, 177.56873, 79.297844, 202.38948, 204.51482, 63.442047, 197.34097, 195.47169, 91.181938, 113.70081, 185.75742, 86.111855, 178.49326, 203.53773, 69.855797, 72.886787, 165.39757, 208.81267, 192.64555, 177.77628, 219.91374, 127.45418, 157.98787, 208.40295, 189.8477;
  56.332932, 82.373871, 38.633354, 134.7086, 99.375679, 50.199276, 183.84648, 78.47863, 54.863335, 151.30283, 85.638771, 202.06863, 208.1162, 50.081276, 127.32089, 189.43588, 215.23299, 79.711014, 137.04153, 220.9729, 197.21735, 151.85431, 39.57917, 217.72728, 40.257072, 64.650208, 150.46117, 133.45274, 23.11198, 65.72908, 59.205299, 193.73691;
  112.4298, 175.61351, 211.99768, 102.7747, 224.98785, 163.93298, 93.741188, 193.51242, 196.98151, 89.072212, 186.89832, 241.75677, 49.00462, 185.82726, 241.43269, 76.904099, 101.9584, 170.01501, 92.550545, 153.27902, 164.08261, 93.72039, 169.70653, 54.634315, 103.07452, 159.29866, 187.29808, 241.56845, 249.43558, 186.70074, 233.60138, 182.3443;
  162.08244, 91.155411, 205.00676, 71.027031, 156.03648, 105.32433, 107.57433, 132.83244, 170.12027, 203.45271, 154.75676, 110.18649, 50.954056, 156.67433, 204.01758, 154.48514, 44.206757, 182.06757, 116.22703, 67.437836, 144.85811, 103.45406, 211.66487, 42.285137, 48.50676, 133.98108, 102.16081, 111.3054, 218.42973, 204.55, 112.80405, 101.41757;
  69.254326, 88.388611, 159.75992, 65.454735, 160.20143, 103.56256, 160.00813, 79.026451, 77.983727, 196.26857, 76.271622, 35.539165, 186.39471, 84.327568, 72.820953, 122.00814, 149.55646, 80.494408, 153.02951, 83.522888, 56.554424, 166.95625, 210.24516, 158.53204, 44.954224, 69.903358, 43.00407, 69.504578, 156.02646, 94.840286, 67.857582, 185.76399;
  107.23723, 189.77759, 92.474464, 124.12026, 172.69357, 144.70676, 198.33772, 222.9135, 190.83113, 74.362434, 201.54695, 229.96539, 49.786655, 174.51482, 194.24464, 162.37561, 107.67133, 172.70346, 40.020592, 175.49341, 223.34349, 67.940689, 40.922569, 193.92009, 62.796539, 41.815487, 185.5972, 212.08731, 106.76688, 151.15816, 231.93245, 184.05684;
  160.14326, 78.180138, 99.946098, 149.91489, 66.878014, 54.333332, 143.05673, 73.062408, 92.50071, 169.14185, 95.819855, 210.48651, 187.67801, 65.513474, 148.19006, 196.1929, 156.95461, 98.260986, 166.2312, 198.72057, 188.6851, 165.30212, 70.408508, 204.77588, 112.83688, 108.44397, 191.29503, 137.34326, 52.458153, 143.97021, 67.167374, 76.683685;
  139.43227, 110.91613, 172.48647, 74.870972, 113.20646, 184.37291, 147.84259, 99.000008, 171.46968, 115.31097, 128.38322, 95.270973, 46.046452, 174.33807, 131.97549, 148.44646, 137.58839, 126.55872, 183.71356, 83.126457, 79.233551, 96.988388, 168.90968, 164.73549, 45.04129, 73.714844, 100.84904, 121.80388, 169.2413, 65.407745, 111.65033, 156.71742;
  177.90483, 87.20668, 102.18608, 137.71663, 40.53196, 79.952415, 64.455261, 90.857956, 73.421165, 175.86365, 69.591621, 27.674717, 209.92899, 68.073868, 19.002842, 101.63281, 148.46733, 93.303978, 175.2429, 98.190346, 87.630684, 180.75497, 178.951, 64.449577, 202.41762, 200.96449, 76.927559, 23.96804, 19.233665, 81.05114, 26.882103, 63.203838;
  164.41255, 166.52777, 210.11624, 101.15946, 172.48456, 170.26543, 74.347733, 164.72325, 192.36626, 146.13991, 172.59773, 220.95575, 51.127571, 182.60596, 215.9928, 81.15226, 47.166664, 174.83127, 131.13168, 66.041153, 144.67078, 99.269547, 179.16255, 41.666664, 197.4856, 177.03909, 102.27572, 223.99382, 226.62242, 190.29836, 179.79424, 78.989708;
  209.52324, 88.354187, 201.12003, 134.71683, 43.568047, 150.94083, 77.463226, 102.56044, 184.20709, 80.078613, 171.51901, 232.42012, 45.28994, 160.27388, 228.88165, 91.43618, 92.551987, 167.93237, 111.81319, 149.26965, 152.20541, 92.045647, 157.65596, 39.642433, 195.74217, 179.45563, 223.07692, 200.38631, 203.71091, 178.03973, 110.50803, 66.9814;
  191.08675, 87.130119, 190.91928, 62.745785, 79.773499, 143.58916, 129.90723, 103.15903, 188.61928, 98.183136, 163.83615, 226.37952, 32.121689, 154.70844, 233.21085, 143.08313, 74.744583, 154.43373, 124.51446, 140.99518, 151.83253, 91.379517, 158.43494, 62.002411, 45.785542, 59.174702, 201.65904, 202.22891, 210.24579, 169.68796, 121.28555, 97.375908;
  35.865334, 51.502274, 130.27753, 117.35396, 151.8808, 126.14286, 172.36124, 42.572338, 65.109192, 163.3212, 78.664238, 29.566879, 187.38126, 71.351227, 36.160145, 157.32848, 160.09464, 68.552322, 142.18198, 75.870789, 40.351227, 165.67242, 87.138306, 199.62784, 43.515923, 70.58963, 47.070065, 51.8899, 145.72339, 87.811646, 49.211102, 175.73976;
  89.712891, 135.73633, 148.36914, 193.39062, 167.47461, 118.39062, 185.31055, 165.93164, 85.15625, 186.17969, 135.22852, 110.07812, 188.5625, 136.83984, 117.54102, 134.0293, 195.5625, 145.94727, 142.5957, 163.88477, 185.31445, 170.67969, 134.24414, 209.74609, 148.83008, 166.87305, 150.30664, 145.32031, 101.51562, 171.00586, 130.78125, 201.39062;
  35.795647, 194.80356, 35.963745, 140.14371, 99.222809, 115.17205, 172.89189, 135.21687, 54.794331, 40.247856, 79.048775, 26.539881, 213.69017, 77.426498, 29.86882, 162.15292, 191.48714, 76.794327, 134.36848, 144.75214, 92.903099, 151.2617, 65.222145, 230.89519, 54.094265, 67.338165, 62.012524, 35.543835, 23.022411, 42.793671, 128.86684, 179.38101;
  93.891571, 154.5838, 195.75137, 194.36803, 198.23769, 177.84666, 189.55861, 133.26178, 172.1851, 80.342827, 171.19278, 216.31544, 48.506027, 177.81599, 228.87076, 63.093102, 112.87186, 163.41512, 84.766708, 152.79956, 161.62541, 79.704277, 90.766708, 177.06024, 115.99562, 88.25959, 196.05806, 232.06902, 217.20702, 177.97263, 216.42059, 210.28697;
  59.719234, 63.229488, 65.041031, 57.5359, 86.514107, 45.601284, 143.99615, 55.335899, 69.642311, 139.70258, 77.788467, 198.52565, 145.72693, 29.903847, 157.48462, 127.51411, 60.234619, 58.147438, 34.170513, 166.52565, 156.67052, 150.34232, 61.752567, 69.938461, 50.171795, 42.502567, 115.80641, 113.99231, 72.384621, 135.88333, 69.153847, 141.75641;
  187.98535, 167.425, 205.53706, 85.400864, 184.96379, 176.28362, 169.17155, 134.18535, 191.32414, 91.046555, 170.29741, 223.48706, 40.848274, 175.84396, 236.6069, 168.01207, 108.81207, 163.84656, 190.83017, 144.06982, 172.12155, 97.887932, 160.12155, 194.39569, 45.678448, 74.423279, 203.56982, 234.1431, 224.84052, 174.74396, 221.69569, 157.46294;
  56.265305, 60.361343, 149.70348, 139.2677, 172.95438, 106.5114, 176.49339, 73.129646, 55.103241, 167.7491, 79.087631, 156.28091, 182.24849, 87.135651, 76.354141, 157.05762, 192.12845, 77.285713, 152.60144, 165.66866, 80.256897, 164.20047, 87.255699, 207.13805, 44.963985, 67.945976, 129.89915, 149.64586, 136.68427, 96.565422, 83.627846, 188.90396;
  81.264763, 92.751427, 50.775238, 143.00858, 103.67714, 70.513336, 186.31523, 100.34857, 75.120949, 180.05142, 86.873329, 47.942856, 203.66762, 67.420952, 57.668571, 172.62476, 196.18762, 79.957146, 117.56286, 152.73714, 197.53333, 161.70096, 94.648567, 211.26666, 55.594284, 76.360954, 132.99142, 92.978096, 33.723808, 75.366669, 72.973335, 187.53905;
  110.64412, 165.73383, 202.74265, 75.576469, 204.325, 170.89633, 179.33235, 93.107353, 197.55295, 80.663971, 178.24265, 245.06985, 46.038971, 156.39117, 243.06766, 129.08676, 99.703682, 163.1978, 87.209564, 148.9978, 163.84485, 102.28236, 143.75148, 42.407352, 45.054413, 79.228676, 192.85663, 239.91029, 249.49191, 190.31323, 237.76985, 168.23824;
  194.73804, 173.85239, 217.33089, 127.91402, 157.48743, 178.8459, 77.758308, 191.14841, 200.01703, 105.63422, 177.93916, 84.845901, 48.193024, 202.50365, 217.89212, 77.596916, 71.469582, 164.66342, 119.27737, 76.763985, 166.26277, 105.11841, 219.42659, 46.914841, 207.07462, 186.4193, 200.65936, 146.16545, 236.5369, 195.31386, 213.60907, 71.38118;
  134.34343, 195.72475, 103.61868, 89.181816, 189.7197, 146.95706, 167.43266, 225.25252, 191.42003, 86.5606, 189.06145, 235.47305, 51.619526, 174.11363, 224.37036, 94.222221, 102.11111, 170.82155, 67.013466, 164.27525, 211.38467, 78.259254, 65.819862, 59.455387, 87.945282, 120.67171, 182.99074, 231.42929, 175.81313, 154.41414, 226.6835, 187.30386;
  33.344097, 78.693939, 31.188854, 135.62318, 94.85405, 65.341446, 183.71031, 70.771339, 49.471916, 163.68245, 76.191505, 159.45732, 213.18488, 53.16674, 24.380363, 172.66608, 197.11588, 102.02212, 138.25432, 227.4675, 77.754089, 146.05661, 25.503317, 217.93144, 44.929676, 66.232201, 76.582489, 117.47103, 7.7545333, 60.517471, 44.10659, 199.85051;
  118.30113, 96.154541, 85.614769, 170.81023, 69.089767, 48.731815, 96.814766, 107.26477, 69.946587, 139.00568, 139.23409, 196.98296, 162.00908, 55.094315, 144.44318, 96.69545, 98.423859, 149.6409, 66.930679, 204, 176.15227, 149.56136, 73.056816, 77.419319, 204.52499, 174.17386, 168.80795, 138.36931, 61.786362, 178.84886, 82.067039, 91.605682;
  31.792175, 93.991661, 29.526621, 142.6517, 89.341248, 97.974991, 180.517, 61.874924, 40.256577, 24.832586, 78.045547, 156.14882, 205.63631, 45.354717, 46.497116, 170.78448, 217.55421, 68.622841, 136.28416, 211.02374, 78.137909, 147.08275, 24.945478, 219.83388, 46.57922, 65.442596, 115.00257, 124.51701, 20.912766, 41.431046, 73.834511, 190.01668;
  53.63113, 155.31238, 156.91258, 121.58849, 200.74734, 187.80278, 173.52666, 122.17165, 117.49147, 74.518127, 105.27079, 192.23347, 70.524521, 173.80171, 182.63539, 150.22282, 194.65886, 77.599152, 148.41898, 141.54691, 131.43071, 100.61941, 75.162048, 224.15459, 44.214287, 56.837955, 149.62154, 218.07677, 174.66312, 69.788918, 184.95842, 195.52026;
  88.19854, 86.264313, 208.66019, 76.522537, 184.78563, 120.21438, 187.52498, 154.27528, 122.50305, 200.56395, 142.32156, 208.01584, 50.615105, 167.29233, 217.99879, 133.17418, 93.19976, 189.28624, 115.84288, 168.99757, 153.37637, 129.73569, 159.38246, 157.09988, 53.466507, 58.823387, 154.45433, 186.14618, 213.11328, 210.61755, 126.18271, 191.33496]