Name:Arbys
Detect:1
Describe:3
Size:100
Length:32
[208.67342, 145.46654, 205.69258, 119.13471, 134.54556, 172.23706, 75.871063, 85.398186, 201.40794, 82.364372, 172.97884, 101.31953, 46.919891, 173.33272, 217.11989, 81.444298, 64.892044, 151.64737, 113.13074, 62.961117, 157.6537, 104.11862, 188.82875, 32.55479, 194.29367, 179.60812, 174.53923, 142.90289, 229.71103, 181.6745, 207.87848, 58.530014;
  44.615131, 145.98586, 55.903839, 187.18501, 113.68842, 167.35352, 108.02734, 96.813339, 72.111244, 49.991043, 90.592033, 40.18784, 192.41245, 87.725189, 37.133865, 90.481262, 178.0403, 63.483856, 106.05232, 88.425873, 74.804619, 147.34196, 60.901482, 162.83031, 196.96252, 183.31487, 57.314636, 77.866837, 62.921753, 46.564693, 124.284, 142.36766;
  73.017593, 83.903748, 149.9379, 62.305943, 165.23494, 99.645416, 134.10867, 70.806252, 83.854691, 180.23557, 71.901054, 47.698406, 179.50156, 76.241356, 83.666733, 90.821983, 134.42889, 70.235359, 125.95053, 74.802322, 55.735664, 165.95882, 192.2722, 56.995239, 64.355003, 102.10101, 43.411922, 73.719521, 171.98531, 96.780174, 86.691574, 163.95239;
  41.973995, 85.174332, 54.763424, 147.26727, 86.588371, 87.307487, 169.98289, 90.947624, 54.995304, 171.20767, 77.813148, 18.199373, 207.11835, 69.845291, 15.697086, 60.359379, 162.2332, 92.956413, 130.42715, 108.77583, 78.691788, 151.09848, 80.22393, 195.03275, 101.21526, 68.577896, 31.074764, 29.514086, 13.88731, 63.249096, 25.629183, 189.20924;
  54.173058, 78.312569, 44.362495, 110.62915, 102.36426, 71.131638, 172.5712, 59.739925, 55.965481, 169.63797, 79.377106, 163.70059, 198.85229, 47.148979, 56.487556, 170.10739, 166.8401, 75.009468, 139.97189, 98.418846, 119.74956, 150.25975, 60.767857, 200.84732, 45.707176, 66.260391, 36.656284, 131.05362, 24.357199, 62.267937, 26.492855, 177.79675;
  122.57792, 106.54963, 85.414398, 165.16031, 65.712654, 191.66924, 84.473206, 67.704468, 169.39505, 63.886604, 107.51067, 48.148884, 156.55733, 159.95659, 65.461044, 155.05981, 163.94145, 74.333008, 180.57445, 58.516132, 59.823822, 94.281143, 110.08065, 165.13649, 154.58165, 171.91962, 81.433006, 85.319359, 79.028786, 47.148884, 82.454094, 76.297768;
  119.26183, 134.12076, 132.76357, 59.021473, 139.00046, 189.34286, 121.26114, 102.28076, 174.91479, 84.99469, 106.97899, 65.33918, 72.878548, 169.18286, 106.57354, 123.18909, 119.25075, 84.940193, 156.21381, 49.232738, 62.632416, 89.412834, 156.7758, 87.285385, 50.653889, 69.520897, 67.213341, 111.4888, 172.40868, 54.665432, 141.33434, 128.30362;
  130.25211, 80.313255, 48.099762, 151.21535, 39.397865, 82.413414, 122.08316, 76.436218, 57.976807, 156.63773, 68.676727, 21.13574, 206.9967, 63.873352, 14.515815, 150.22404, 161.25304, 86.982338, 159.5775, 107.02069, 84.026756, 155.71429, 78.49157, 203.80904, 150.70427, 82.490776, 64.252769, 19.379284, 8.9765425, 66.611099, 28.07815, 61.340141;
  93.446518, 85.639259, 51.778786, 181.0372, 59.172985, 85.280121, 84.358963, 89.630898, 59.386902, 150.1454, 84.121376, 23.461292, 209.6163, 69.335114, 16.545649, 131.25325, 170.27959, 94.916885, 154.32478, 116.54939, 82.070473, 153.59494, 81.525002, 197.67183, 194.88397, 223.17102, 53.08329, 29.689625, 16.406479, 69.751915, 35.365013, 98.601532;
  111.2508, 172.50789, 199.02022, 87.563805, 206.27934, 188.64026, 134.93764, 174.68547, 192.28665, 107.99507, 175.43924, 100.35802, 40.205097, 189.91878, 225.04384, 126.92676, 58.210873, 155.11197, 97.165329, 47.457943, 155.42345, 95.202545, 201.64078, 57.454712, 64.350723, 137.96397, 114.4819, 145.24724, 238.09599, 179.03755, 206.12556, 160.26576;
  130.27908, 155.76167, 135.83443, 120.98444, 143.85735, 136.6145, 96.813477, 119.99293, 147.3139, 136.73706, 81.179451, 182.26805, 170.57233, 163.34758, 153.65413, 140.36258, 135.25644, 75.932068, 200.0269, 77.647614, 128.349, 75.211433, 169.43362, 158.33344, 139.09511, 98.276825, 111.22785, 204.97934, 118.20068, 97.606003, 107.55081, 96.399384;
  41.866035, 148.81126, 99.346413, 147.1395, 180.46396, 212.41829, 169.98019, 109.23421, 100.10524, 62.252762, 81.456291, 42.435425, 159.58562, 153.52872, 72.376381, 135.28076, 182.21744, 49.212807, 142.16982, 54.709774, 58.869961, 123.05637, 82.89814, 217.17747, 59.414909, 70.233856, 68.166069, 118.28148, 143.34856, 46.726543, 144.75775, 187.62646;
  37.294628, 90.528412, 39.103149, 124.48219, 97.170479, 90.08812, 175.0979, 166.06979, 59.170273, 170.49022, 77.826027, 15.096047, 207.44431, 79.064445, 16.636299, 192.28392, 157.74892, 96.702187, 138.08823, 106.25685, 78.650093, 150.04726, 80.682625, 216.8739, 45.503193, 73.819542, 25.067017, 18.274656, 13.869776, 64.76107, 21.121475, 181.10532;
  141.28174, 86.25351, 100.43046, 165.03557, 67.814896, 51.33926, 95.921356, 111.95085, 82.685211, 143.24326, 156.6572, 195.74358, 123.74503, 57.977413, 150.50722, 119.13073, 100.01151, 176.54507, 86.25016, 206.36813, 177.64778, 150.60217, 71.648613, 105.15269, 194.54341, 178.00984, 178.91592, 135.49028, 75.171722, 186.24577, 89.110855, 84.121941;
  62.979397, 164.6689, 132.24562, 83.839043, 205.24896, 178.52882, 187.18408, 168.78419, 122.16765, 96.544144, 121.26706, 86.942642, 60.001675, 156.98274, 204.55251, 147.10973, 102.28544, 91.507385, 66.579231, 59.159569, 160.37901, 96.368423, 116.55194, 166.47453, 48.595936, 54.341133, 89.177673, 136.1902, 194.50293, 134.25314, 202.80814, 173.86578;
  198.14554, 91.807335, 138.08398, 87.05928, 67.461899, 51.65609, 79.015579, 102.749, 138.68288, 186.86281, 152.82329, 106.96732, 123.38837, 61.764771, 145.31636, 116.85578, 44.33707, 181.11552, 114.96751, 111.88657, 159.13718, 134.83032, 192.26904, 28.562037, 172.39102, 184.43663, 106.54684, 68.171005, 112.2187, 195.55843, 86.826332, 56.704731;
  96.220566, 90.34613, 109.22543, 150.29263, 91.056793, 148.60039, 186.36176, 156.01736, 155.98108, 113.71397, 179.75999, 204.71484, 65.890587, 177.05263, 178.30966, 163.32477, 114.61723, 198.83171, 89.896149, 202.99358, 189.64363, 154.17802, 42.213444, 211.34196, 73.182182, 76, 178.94287, 137.4592, 85.326157, 174.49063, 98.819557, 182.5172;
  140.73303, 105.60827, 133.77608, 62.175011, 75.31987, 149.0766, 136.68506, 99.380165, 180.94595, 61.366325, 163.82784, 215.54323, 39.462837, 146.86575, 215.45374, 104.55423, 81.571671, 152.53792, 80.730377, 148.0601, 144.05992, 75.622681, 96.6642, 46.031475, 49.352104, 42.697762, 185.1187, 177.37656, 170.40691, 143.46568, 148.56789, 99.577927;
  66.364174, 74.629204, 42.304951, 148.00854, 77.547882, 77.483948, 177.23395, 75.240425, 56.394669, 115.03551, 81.504128, 27.959784, 199.48262, 63.698441, 35.03698, 168.00648, 206.54288, 81.244255, 124.37346, 202.55054, 93.872574, 152.49515, 66.895699, 211.89511, 51.54847, 73.437241, 152.03654, 38.748085, 22.41161, 62.329113, 65.27578, 166.77122;
  104.86731, 153.02658, 163.77438, 89.13546, 197.91724, 127.9845, 168.93295, 147.56726, 108.94151, 188.17128, 77.125053, 49.489597, 171.2404, 147.04369, 89.861763, 147.48798, 158.97711, 88.178917, 183.80882, 69.033516, 106.9882, 137.10033, 201.29611, 196.61905, 54.959545, 76.254272, 74.413078, 109.66482, 157.95654, 96.428108, 137.15511, 172.72746;
  57.56646, 141.78079, 57.210732, 135.85626, 210.79413, 92.870857, 173.50792, 153.92363, 63.693981, 185.87932, 83.818619, 35.615993, 207.5787, 94.496933, 27.479647, 152.86311, 172.79863, 94.462532, 142.76332, 119.9701, 120.91156, 161.86725, 91.606804, 220.42453, 70.729645, 82.217216, 54.317543, 75.469017, 38.678131, 88.013504, 124.9175, 186.26567;
  146.53392, 125.13693, 93.137436, 176.70427, 66.285927, 166.14848, 77.651001, 126.19271, 143.40251, 67.478142, 159.05954, 161.09773, 74.514824, 165.51054, 95.996986, 120.89371, 147.87663, 172.09547, 179.1093, 169.27235, 83.425377, 82.116837, 77.67437, 179.42914, 188.54823, 148.1113, 162.10376, 157.60704, 79.030403, 79.751755, 95.84623, 85.649246;
  104.47578, 90.357536, 104.00433, 196.03185, 84.322884, 146.89703, 121.57594, 127.92992, 132.3425, 69.857796, 192.67787, 45.80275, 78.079506, 150.05504, 76.251526, 96.871048, 138.31778, 178.27649, 66.019363, 163.50305, 90.522171, 129.71152, 69.016815, 128.58078, 176.61646, 189.53032, 152.58945, 61.225021, 109.62614, 127.96024, 134.62155, 120.7054;
  129.49252, 79.076935, 40.81398, 160.96574, 42.426487, 58.093796, 120.10645, 72.611801, 61.651325, 130.60794, 80.496925, 156.46671, 210.36658, 55.363953, 31.408571, 122.189, 193.75513, 97.656067, 155.49956, 208.08202, 98.779724, 153.41313, 35.440014, 198.85612, 179.85806, 106.92745, 133.44318, 117.50483, 14.487791, 67.547691, 47.568417, 83.278938;
  190.09848, 93.761467, 74.623909, 174.87848, 46.272366, 69.059387, 77.475075, 103.48259, 123.3315, 130.82988, 150.8627, 71.815086, 181.82661, 83.243301, 36.840141, 101.18016, 134.17766, 168.11127, 125.74744, 165.92209, 105.04485, 130.4628, 120.43474, 65.073669, 203.60112, 195.0584, 166.85068, 56.527691, 50.549488, 110.49312, 75.132301, 63.392635;
  146.79135, 98.823669, 89.376656, 106.20518, 48.525887, 136.94319, 74.562027, 96.574532, 171.12805, 48.887596, 165.03406, 216.62076, 46.694408, 131.26894, 199.38638, 80.138466, 79.760429, 153.31586, 77.30751, 149.45883, 133.96716, 65.095207, 70.291702, 33.582176, 173.37231, 152.35406, 177.62387, 170.13673, 126.13517, 144.89751, 131.47638, 53.78944;
  241.12056, 165.60324, 212.80397, 120.14297, 159.21683, 162.12819, 75.264061, 87.554283, 197.82387, 78.566986, 177.19698, 247.5125, 48.514606, 162.51836, 239.55597, 58.451427, 102.37277, 161.11011, 117.59988, 150.5822, 183.13553, 108.96194, 161.0334, 39.962166, 212.30617, 175.29596, 235.55078, 243.84236, 248.07182, 193.09331, 237.46501, 57.373253;
  137.67023, 177.66199, 43.457478, 115.20281, 95.975044, 91.507149, 64.766174, 123.701, 86.315483, 74.989098, 83.903809, 51.559002, 186.79695, 66.560455, 40.643082, 99.293434, 142.21904, 61.357887, 135.52023, 80.457718, 98.488976, 98.710686, 118.97626, 65.601646, 182.40053, 166.97481, 66.916405, 85.768837, 55.335354, 48.947418, 122.49915, 58.829174;
  82.457893, 63.310417, 55.287106, 46.196003, 50.55019, 94.407471, 65.226929, 47.388439, 97.686722, 47.462654, 59.529255, 115.89248, 56.719551, 47.119408, 104.10704, 86.497856, 56.918411, 51.281399, 52.862511, 89.920074, 55.365604, 66.783775, 57.923168, 33.720741, 57.990959, 54.312557, 71.774498, 76.251663, 89.264267, 61.241436, 72.567078, 64.74334;
  69.431465, 76.813766, 86.603653, 131.65343, 87.107368, 182.91571, 163.93257, 86.722458, 119.90949, 68.57415, 94.844872, 161.27934, 75.342163, 140.52618, 118.56813, 157.17419, 160.40277, 78.919327, 139.68733, 155.17801, 86.553886, 122.77343, 44.698975, 204.061, 45.188641, 63.190044, 116.43147, 142.53984, 75.691551, 48.562111, 73.305435, 177.77864;
  210.26277, 187.23306, 110.9013, 126.79427, 105.38867, 141.99583, 84.122566, 182.99236, 183.16019, 75.927261, 171.57718, 229.24486, 54.33176, 167.55788, 218.21529, 83.251801, 90.091194, 167.66393, 108.05108, 149.55594, 208.32051, 85.335648, 133.47307, 51.490005, 197.43835, 171.52846, 206.42712, 220.90685, 111.92157, 156.44725, 205.75221, 73.296219;
  56.552361, 181.73898, 91.300018, 116.45463, 160.61316, 140.35979, 186.23703, 194.11171, 74.212502, 71.967819, 107.28333, 206.60158, 68.966286, 108.98008, 178.9697, 157.86635, 118.98042, 115.36047, 96.499748, 203.59901, 199.20468, 157.91708, 46.622169, 229.75073, 58.063343, 46.689938, 149.79807, 175.40236, 91.27346, 136.20364, 192.33136, 191.80794;
  65.972267, 166.60242, 159.68224, 93.82003, 222.42319, 172.26357, 192.57639, 152.75677, 181.94243, 78.332626, 178.61169, 232.98123, 40.813496, 173.10553, 239.27432, 147.91765, 103.14718, 161.03056, 68.705009, 150.24312, 162.5845, 69.625092, 84.344749, 167.6544, 44.929783, 36.455666, 174.93916, 236.65714, 242.25407, 177.12662, 233.42192, 182.9944;
  204.18666, 60.081783, 212.34798, 116.89543, 146.70416, 157.18532, 81.164459, 112.15597, 191.70967, 187.64859, 173.34381, 227.0578, 44.630718, 179.18188, 226.68315, 69.73127, 76.441681, 179.67227, 117.08655, 132.68077, 165.77135, 103.17459, 164.40771, 33.08923, 195.97795, 173.8132, 202.993, 211.40712, 223.58469, 201.94771, 150.25175, 78.456429;
  46.11882, 62.707859, 32.275188, 49.813053, 65.008873, 67.264893, 131.62959, 38.255386, 58.098858, 100.46673, 72.464035, 43.777092, 172.6391, 30.042776, 23.839195, 102.30482, 134.28247, 44.75, 74.903992, 97.537544, 54.572086, 146.52931, 63.911755, 67.771072, 44.554657, 51.798477, 34.323826, 27.033745, 39.185204, 42.18631, 35.857098, 114.39671;
  154.46741, 150.85687, 149.45403, 103.83974, 164.05725, 88.17321, 74.198074, 117.31779, 109.50961, 159.62056, 98.526947, 55.62244, 185.70853, 90.735062, 83.787918, 78.226494, 127.95654, 82.598618, 141.16924, 60.356453, 81.960091, 104.07542, 205.26974, 34.517757, 184.00229, 177.18491, 90.615753, 113.4534, 169.50334, 107.60217, 151.20581, 66.890724;
  96.843452, 142.91472, 104.59053, 144.87889, 130.55237, 168.31483, 159.56697, 106.77492, 154.90848, 55.070675, 176.00818, 213.0732, 43.069313, 163.47293, 198.57515, 161.12987, 111.97585, 159.47313, 129.14661, 151.40343, 160.42017, 54.572819, 49.797504, 208.35513, 56.715729, 61.657513, 176.23384, 208.15654, 122.86156, 130.8748, 178.71339, 171.0327;
  204.27867, 162.142, 196.81343, 84.188431, 184.71077, 165.31007, 102.87835, 127.57622, 198.80586, 76.971199, 176.83478, 240.30859, 42.870533, 163.78587, 240.4671, 137.2238, 93.988457, 159.79755, 111.58937, 145.15331, 171.64983, 104.84061, 160.24591, 48.576466, 45.584656, 121.13642, 220.57472, 235.91162, 243.86246, 187.02011, 227.87996, 68.707054;
  43.910213, 157.77914, 115.76021, 138.01617, 201.37233, 188.47531, 177.58467, 132.74936, 100.11851, 65.086594, 92.495102, 179.37085, 102.09298, 171.29213, 144.32085, 139.07703, 209.60382, 53.058296, 140.25914, 142.4666, 126.12617, 119.20234, 54.134682, 226.11362, 53.314678, 54.309361, 148.50935, 208.55936, 149.51723, 56.701916, 183.41489, 195.92723;
  69.677193, 77.472931, 102.37695, 138.9622, 107.30056, 59.353611, 181.52661, 97.018829, 67.531273, 143.8642, 95.893593, 206.02225, 143.20955, 52.682018, 169.87959, 168.90651, 109.51151, 100.33137, 93.704109, 209.8631, 185.07935, 158.63162, 56.760891, 208.88333, 55.176727, 69.054916, 161.71283, 135.00856, 62.900593, 180.38223, 88.020073, 184.94385;
  34.722157, 72.422203, 32.892082, 124.90329, 86.484741, 88.85302, 175.93048, 33.404667, 55.124344, 170.95943, 75.678078, 15.23135, 206.42657, 53.215439, 13.815988, 194.19652, 157.78867, 87.785599, 136.03195, 104.75313, 71.029472, 148.38522, 67.241974, 206.46223, 39.474762, 68.556267, 21.317097, 16.17312, 8.8201609, 58.686943, 23.315401, 174.31624;
  149.74544, 173.02019, 101.19907, 194.19946, 85.860886, 146.24641, 107.09546, 196.76019, 163.34343, 70.381065, 189.07257, 207.5681, 67.596237, 176.01883, 177.65173, 119.85235, 108.82984, 185.79666, 91.974388, 180.22836, 204.87311, 82.434036, 55.217308, 155.5004, 201.40396, 170.47362, 197.65599, 181.01184, 83.822861, 161.48448, 164.97362, 102.48254;
  131.0928, 115.27784, 107.66898, 96.507477, 144.6698, 133.65373, 97.202217, 109.65568, 149.69667, 80.691689, 150.21912, 132.25706, 90.965652, 79.927704, 152.85042, 147.34488, 72.299721, 127.03102, 95.989754, 78.019112, 159.54515, 145.42632, 69.316895, 62.634624, 136.31136, 184.25513, 89.564819, 111.63961, 164.24847, 163.89307, 181.24211, 70.042381;
  104.44691, 80.350746, 211.51682, 80.445717, 176.49869, 152.72441, 111.05965, 134.1057, 166.30231, 194.63875, 136.48341, 90.447624, 44.018848, 177.12335, 190.53256, 123.19088, 49.468143, 175.77713, 98.791695, 59.586494, 100.25745, 110.75328, 195.45168, 45.209019, 62.915295, 140.19685, 69.339058, 103.51372, 217.50941, 196.51538, 108.59293, 151.00381;
  179.36009, 74.619186, 180.1042, 130.48955, 89.415489, 111.00132, 72.958923, 89.647827, 166.09554, 170.19238, 155.52063, 54.417374, 101.26663, 171.5067, 80.198608, 81.626152, 82.19503, 193.41794, 140.42453, 69.14698, 51.8274, 94.918785, 192.54099, 32.538723, 197.94461, 193.60411, 111.57584, 75.665726, 171.42096, 166.7377, 73.192955, 62.877335;
  73.841309, 168.79478, 57.837578, 79.391792, 162.27458, 121.85799, 156.5472, 139.82156, 86.664398, 88.680862, 86.380821, 48.294338, 161.7961, 76.650352, 66.689644, 68.991219, 137.31146, 53.397499, 60.053776, 83.990562, 105.01383, 127.88894, 101.4853, 77.739685, 83.960274, 70.434151, 55.598774, 90.323967, 115.43877, 55.453907, 160.05663, 159.99474;
  127.82942, 173.36887, 117.18272, 133.61151, 137.77292, 197.27589, 69.460976, 145.0661, 166.10426, 75.258842, 143.27931, 50.109806, 119.4597, 189.40852, 81.53241, 74.766525, 147.69339, 117.55735, 153.74968, 46.962898, 61.529423, 79.192108, 165.21577, 59.613216, 197.09764, 183.96716, 74.80426, 122.83817, 160.4872, 51.69936, 147.05757, 81.750107;
  130.54306, 153.23349, 188.84401, 136.15358, 171.86937, 196.99115, 167.75623, 144.34282, 160.84282, 92.648804, 151.85023, 116.0012, 53.064594, 192.10503, 123.50526, 113.48086, 176.19688, 155.18756, 178.90382, 130.81555, 99.187561, 87.047844, 157.32225, 201.37822, 72.01268, 68.002388, 169.81172, 176.86603, 183.89282, 69.042343, 176.75072, 179.43732;
  154.87135, 168.65723, 192.75288, 123.72457, 160.28699, 192.50043, 75.764458, 176.46606, 181.91452, 86.434639, 167.09497, 57.609219, 49.982903, 195.43687, 115.78432, 65.38076, 61.924362, 172.94698, 119.34657, 58.211189, 55.845619, 94.730614, 193.24019, 41.910896, 201.70453, 180.42635, 112.00017, 122.00811, 221.90916, 162.0145, 195.66672, 75.07563;
  242.78268, 176.88962, 221.11243, 122.34601, 163.2708, 163.31827, 76.459259, 217.42865, 200.69989, 86.229225, 177.99103, 246.79874, 48.004013, 185.54442, 239.9744, 58.527309, 101.65233, 163.84843, 119.6614, 149.24968, 186.10474, 108.66311, 168.30214, 47.987926, 212.47078, 187.43451, 238.24648, 244.08258, 247.49675, 196.58742, 234.6635, 70.710785;
  36.972103, 128.08203, 51.713879, 163.59467, 97.275398, 161.69719, 171.97139, 89.412018, 52.4454, 48.30949, 86.036247, 132.36958, 187.37935, 76.611832, 46.318073, 73.66333, 208.45947, 62.854557, 129.0937, 181.6395, 81.232712, 145.44159, 39.43491, 214.99524, 134.11302, 70.470909, 121.07869, 145.83, 44.207916, 36.689796, 102.07607, 190.52075;
  174.02861, 88.230598, 100.22765, 140.05017, 41.998039, 78.852592, 67.033997, 93.741631, 78.379967, 179.24825, 74.170944, 27.768591, 210.46005, 70.917633, 19.954731, 102.30299, 147.59912, 94.569374, 172.76663, 100.30022, 89.0858, 183.06799, 172.36346, 70.056221, 200.60124, 204.62036, 76.068802, 24.603695, 22.933977, 82.197906, 25.209185, 69.014221;
  214.37433, 87.990128, 215.07713, 106.76225, 109.91093, 106.34805, 73.020119, 135.59456, 205.45686, 203.66908, 169.54742, 97.315262, 52.969257, 178.91373, 199.73076, 79.274643, 33.664616, 187.36183, 116.01845, 50.444756, 136.45239, 103.32197, 209.40433, 22.743618, 199.06297, 180.44885, 125.19918, 102.79616, 217.97168, 214.64076, 108.67617, 54.765232;
  133.06087, 83.92466, 189.48927, 101.06104, 70.405869, 158.21558, 67.961136, 98.159668, 173.25133, 83.779472, 158.33034, 194.99634, 49.433914, 156.05536, 195.67039, 70.776535, 51.522457, 164.91035, 117.01778, 92.327225, 72.081757, 88.084145, 140.86966, 32.037949, 173.12833, 160.99762, 109.38368, 144.29422, 202.47919, 168.35344, 89.00293, 62.67791;
  114.41123, 90.933304, 183.73016, 62.892204, 167.66487, 63.943169, 141.73509, 90.471352, 89.926491, 202.69893, 72.022545, 184.28276, 162.46548, 63.990139, 189.71912, 134.93918, 73.972054, 85.557777, 127.06177, 102.65923, 159.28558, 161.56929, 179.50987, 92.974167, 63.813999, 74.834663, 115.40324, 154.53546, 169.3551, 194.88023, 111.66416, 134.30414;
  177.53424, 186.09946, 214.61911, 196.11658, 184.19676, 180.55838, 121.24451, 211.97586, 186.63712, 120.47135, 179.05658, 203.17172, 64.47802, 217.24847, 226.39641, 121.46739, 112.28631, 199.28505, 169.06181, 151.25189, 186.45657, 101.56432, 170.13351, 182.79442, 195.08685, 195.54001, 214.73857, 228.94955, 210.09641, 199.71045, 216.16919, 141.01172;
  68.967636, 162.87285, 69.196922, 71.887306, 183.38008, 120.42391, 172.0264, 122.20725, 82.440895, 114.09777, 86.354141, 152.14207, 170.34726, 58.842552, 146.09639, 154.44525, 159.45604, 42.464081, 132.3064, 92.673859, 178.17924, 145.73904, 89.467751, 201.73192, 47.065411, 57.253384, 69.204956, 171.66054, 109.06288, 65.679138, 154.27129, 176.53316;
  198.22063, 186.14514, 110.31046, 119.53566, 70.322517, 140.69661, 78.648575, 182.96547, 189.27158, 75.439178, 169.86816, 89.127052, 68.502388, 173.55499, 161.22894, 99.994179, 72.269905, 178.56082, 108.84862, 102.59347, 161.18944, 82.221664, 160.91266, 54.842171, 191.86836, 183.00977, 135.03784, 99.757118, 106.67561, 149.26408, 158.10687, 61.286335;
  185.75008, 105.36258, 150.71098, 78.696068, 100.08137, 67.302963, 128.91425, 131.82239, 133.39507, 175.81409, 142.08333, 187.2695, 79.409241, 121.80455, 175.38066, 178.22331, 98.061577, 187.80431, 180.21208, 188.49745, 181.50771, 107.82361, 162.59932, 174.02884, 65.002693, 83.597855, 167.31738, 145.58907, 95.173225, 172.24898, 104.30932, 96.926712;
  159.60422, 170.79013, 174.93198, 193.26289, 158.7785, 196.37691, 112.76568, 177.09006, 173.38223, 110.44227, 173.11256, 53.271847, 97.585571, 214.29533, 101.75623, 131.34883, 183.30042, 184.09247, 209.77271, 90.471558, 101.09344, 94.386108, 178.20601, 187.81531, 193.47131, 205.0184, 139.48318, 146.57057, 172.94675, 115.17551, 177.55629, 109.76132;
  187.06992, 155.61446, 195.66716, 104.34516, 157.26184, 59.189159, 84.855049, 201.85675, 159.78661, 205.20871, 169.41296, 199.02975, 83.538574, 161.75728, 203.31604, 90.47226, 68.965782, 202.52815, 120.26546, 164.63167, 187.07077, 103.19511, 193.29797, 46.883953, 192.23039, 172.79128, 183.45972, 177.73666, 182.22954, 219.03825, 163.14622, 80.294792;
  78.027679, 69.91983, 43.645424, 140.58269, 49.353573, 78.311981, 75.814827, 62.597286, 64.545959, 132.78665, 83.145927, 34.803589, 200.20564, 51.934418, 16.90255, 84.67276, 142.46545, 76.335457, 72.613052, 102.81768, 69.628815, 152.38795, 73.475014, 53.821369, 190.10182, 169.00822, 54.121941, 27.088562, 34.572964, 60.255451, 34.43576, 74.246735;
  199.0663, 83.712708, 181.3826, 140.9487, 48.165943, 76.531769, 78.38279, 121.59175, 168.29459, 164.40646, 166.28513, 202.50078, 72.822021, 164.14661, 182.83997, 94.172844, 78.553078, 205.18567, 124.17738, 179.84155, 151.79321, 104.99014, 164.21823, 41.710339, 196.3674, 183.64146, 200.45047, 146.16298, 112.2352, 201.59668, 81.977699, 71.91259;
  94.714523, 87.390358, 79.134094, 117.85178, 81.235092, 58.558773, 82.614258, 101.57045, 84.365295, 149.93356, 93.352394, 114.82404, 194.6067, 58.542709, 115.09296, 113.32051, 62.390362, 92.425407, 69.23777, 114.80725, 121.81236, 161.00243, 93.891701, 48.678265, 176.88367, 181.41104, 77.947189, 70.948647, 78.781212, 182.62399, 64.142128, 76.711365;
  160.86768, 86.646645, 191.68184, 173.08517, 98.029564, 161.35289, 93.78344, 112.96105, 170.09456, 117.66119, 168.17293, 198.35664, 62.840687, 183.23816, 201.71211, 181.31113, 105.12459, 185.02394, 181.13657, 147.33295, 139.35336, 94.93454, 143.94675, 172.74332, 158.37448, 184.27992, 198.50775, 178.7771, 161.28133, 188.04388, 118.38409, 86.372597;
  93.602264, 171.10344, 64.872932, 156.34317, 120.20618, 181.67146, 168.20949, 175.70831, 146.64171, 57.658005, 146.05692, 59.675957, 83.698395, 182.1965, 74.886162, 138.38072, 192.20737, 126.60912, 125.20666, 147.44237, 119.14384, 94.808693, 68.299004, 217.86679, 85.993858, 81.617142, 134.5751, 103.84884, 73.303024, 42.910957, 160.50047, 170.46716;
  151.13441, 85.986519, 82.137215, 41.515724, 75.390678, 77.964806, 91.921188, 77.967804, 79.400223, 168.35062, 68.839577, 45.561588, 190.82648, 62.793713, 40.930363, 167.15163, 139.80194, 82.055038, 173.72369, 99.012733, 81.604454, 157.58311, 170.5513, 102.24317, 58.612129, 84.751778, 61.209473, 35.397041, 55.341633, 75.001312, 44.141148, 64.340324;
  120.43021, 93.844261, 153.94859, 170.02658, 147.35002, 103.73615, 92.552055, 111.27891, 80.676559, 176.90495, 77.554718, 32.739254, 199.18364, 103.06335, 49.256535, 150.71289, 159.84558, 98.955688, 193.93774, 85.018387, 65.733269, 163.75211, 171.08418, 191.12627, 176.26451, 180.98737, 85.622726, 58.831413, 117.02835, 108.91293, 85.596146, 84.898315;
  151.22498, 79.767288, 77.075523, 82.776161, 42.670609, 134.40582, 64.025253, 71.731804, 160.2086, 63.312328, 148.69949, 82.936531, 50.94836, 109.45973, 91.307777, 84.721794, 66.806412, 136.48157, 103.91151, 88.76683, 60.488625, 72.564377, 106.93472, 31.539581, 155.58963, 145.90196, 85.530708, 80.947906, 112.38876, 79.902412, 87.315742, 48.945404;
  72.753563, 67.798698, 163.0309, 74.862663, 93.472603, 101.86049, 103.44437, 93.90683, 77.86821, 128.07144, 128.62636, 140.77769, 64.78566, 96.731834, 94.614052, 115.03452, 73.392471, 168.16365, 130.24934, 164.61139, 56.552982, 150.95486, 131.5928, 91.584358, 58.887764, 131.1342, 67.251266, 61.663288, 155.85011, 158.18489, 65.075066, 137.60101;
  69.65329, 80.928375, 154.967, 144.82071, 174.43452, 91.212517, 176.37714, 112.37303, 59.973896, 185.81921, 83.968285, 140.41727, 181.6315, 99.394821, 86.437546, 129.40173, 190.36786, 91.010139, 148.15167, 173.52859, 110.3616, 163.40065, 115.09558, 205.82201, 64.625244, 67.963974, 155.44099, 149.61165, 122.60173, 108.19202, 90.63884, 188.86192;
  31.127655, 169.87022, 36.883884, 142.23926, 143.5648, 139.60492, 183.50259, 128.90936, 46.624489, 47.021675, 86.183105, 164.50162, 196.46811, 66.543274, 77.047005, 181.42406, 222.22983, 62.726387, 137.65854, 204.40323, 142.75116, 152.42758, 35.952709, 235.6432, 45.687119, 66.237999, 132.86348, 155.19281, 35.435467, 37.223221, 155.34061, 196.34116;
  97.854698, 180.83893, 109.90516, 108.85087, 132.95584, 176.26425, 152.07614, 200.93286, 178.84906, 75.557556, 191.13989, 67.552597, 59.358189, 181.94119, 175.11331, 78.464745, 86.760529, 171.41676, 61.892319, 106.1435, 174.52039, 76.754448, 105.1863, 80.191711, 110.79522, 146.87227, 128.4287, 109.17706, 142.51183, 147.65329, 183.02568, 182.84523;
  70.203285, 82.034111, 43.440689, 133.00122, 95.415337, 54.552856, 181.56714, 81.163643, 58.79871, 160.73878, 86.163948, 195.77028, 204.81776, 53.511063, 121.4473, 188.57744, 208.87323, 81.063919, 138.19406, 214.22049, 196.98785, 153.02873, 46.534725, 217.11017, 44.246159, 67.532112, 146.76183, 134.59557, 24.32268, 68.4645, 57.624001, 181.0318;
  104.27032, 173.16541, 215.2227, 91.742065, 219.29468, 169.29597, 133.48444, 166.14764, 196.98174, 87.503197, 184.59184, 240.30037, 45.895988, 179.38052, 241.91277, 105.57198, 97.365547, 165.85376, 89.145836, 147.40407, 163.24806, 97.07756, 170.6636, 49.713017, 66.83979, 133.43233, 187.29677, 240.26923, 249.23248, 190.03215, 232.35696, 188.1129;
  212.88896, 81.936378, 194.57356, 72.578972, 109.77646, 92.057228, 89.879143, 107.78137, 193.04568, 170.90543, 166.03192, 178.37483, 46.78973, 146.05354, 214.47972, 170.66789, 48.012772, 170.68361, 125.09334, 88.397194, 162.99409, 103.23409, 191.19086, 34.932201, 55.947186, 138.41341, 158.06656, 139.51265, 205.74355, 199.01572, 119.93318, 58.62294;
  76.155006, 76.851936, 157.60562, 104.55928, 95.190422, 106.68912, 157.94775, 54.586357, 71.467628, 176.69571, 78.923454, 28.401493, 191.12169, 81.602501, 47.6544, 162.89551, 156.25482, 86.903145, 164.70839, 91.676102, 46.338482, 171.78511, 188.57352, 191.84517, 41.612045, 82.579414, 60.282242, 35.782505, 102.82381, 91.298737, 34.706997, 169.39368;
  98.913483, 189.56279, 95.320305, 122.80015, 168.36217, 148.02155, 193.87782, 220.07921, 184.27318, 74.644493, 199.44077, 221.56464, 49.792866, 177.65271, 196.90666, 153.29317, 106.87875, 172.17813, 54.698601, 174.54526, 216.81456, 68.157982, 51.270695, 189.04294, 65.696587, 47.803253, 182.20139, 210.66293, 110.60263, 151.48759, 224.69952, 182.41286;
  136.45229, 170.16162, 44.391258, 170.56711, 97.359711, 94.502968, 124.99301, 130.08327, 91.593483, 69.022758, 111.12749, 139.09567, 196.29376, 74.592186, 72.773209, 123.30049, 183.01318, 74.079384, 129.61081, 166.89966, 161.35919, 122.70158, 64.895523, 183.51382, 178.88622, 114.8513, 174.75925, 146.32014, 44.125679, 66.228859, 151.24515, 85.53038;
  66.306915, 81.308685, 192.14839, 74.144089, 161.89441, 175.77235, 165.98709, 113.0347, 135.67764, 161.49988, 111.53255, 187.21753, 48.133961, 162.93518, 205.58902, 153.10104, 95.685242, 130.31148, 150.81464, 118.69537, 126.2469, 137.8311, 125.50317, 188.98102, 41.288177, 62.003548, 82.044067, 171.80705, 195.4386, 157.42113, 99.858452, 184.64676;
  131.65564, 61.083233, 154.40173, 113.81894, 90.344711, 100.44748, 63.982227, 47.071617, 91.862572, 176.88615, 68.400673, 41.502903, 195.02957, 76.316734, 61.277847, 90.654938, 136.74345, 82.276794, 166.75471, 68.766319, 37.216789, 155.8045, 187.79906, 43.017071, 179.30266, 189.36267, 75.281715, 54.011967, 153.60197, 101.6171, 38.029915, 58.077602;
  203.8394, 171.46655, 203.61748, 108.12371, 160.99564, 168.83904, 75.785095, 171.94957, 195.44865, 89.396294, 175.1993, 234.34816, 46.339943, 179.11609, 226.41418, 73.841934, 57.788242, 164.01451, 117.539, 52.461117, 167.79791, 101.37018, 161.75922, 42.775425, 198.45688, 178.47733, 102.4743, 224.60974, 232.92924, 185.89963, 197.03796, 69.101822;
  217.92938, 147.3555, 200.99788, 113.51038, 28.121925, 158.39777, 76.413239, 104.44677, 190.84589, 61.439854, 173.73482, 240.61192, 46.332726, 151.80908, 237.45454, 70.318314, 92.129227, 158.968, 109.45638, 143.4091, 164.11481, 103.42957, 153.8797, 32.840794, 196.2231, 161.30544, 226.57744, 224.1125, 234.89911, 168.79727, 175.80331, 53.173134;
  214.33315, 164.80879, 193.49466, 110.15466, 157.48042, 167.9202, 81.11689, 156.48056, 197.54475, 79.519165, 175.62032, 240.0067, 46.788391, 175.12552, 236.32111, 192.38982, 94.896797, 163.62222, 123.1908, 145.90912, 177.42719, 103.23145, 155.53435, 57.674377, 176.83069, 192.76909, 224.53175, 233.99835, 238.51903, 188.49562, 229.31549, 58.033123;
  35.749912, 54.454353, 102.09164, 93.03595, 191.0631, 119.58794, 168.98203, 60.258549, 76.07402, 169.70409, 82.731583, 39.188755, 187.20374, 67.585655, 42.697742, 150.14188, 159.13765, 70.460167, 137.11879, 91.1343, 50.24427, 170.35019, 78.21431, 192.40535, 46.756607, 61.923512, 36.203911, 64.67025, 155.38315, 82.653687, 69.815826, 166.1454;
  110.79956, 135.92412, 167.16113, 200.46083, 175.5939, 109.0385, 187.73331, 178.66951, 103.44377, 180.41876, 168.00055, 120.83118, 164.427, 148.03822, 132.15508, 133.68326, 184.1922, 180.5829, 156.68765, 174.22327, 188.24196, 177.65247, 133.93236, 210.48943, 161.55925, 183.89442, 172.66457, 150.4292, 119.30355, 190.69206, 152.85703, 181.87518;
  42.503201, 61.706635, 40.643246, 130.49539, 85.054176, 135.10648, 166.63591, 35.039501, 60.220295, 32.952225, 78.057144, 34.799061, 181.5071, 49.29274, 29.867916, 164.74629, 171.21468, 45.754879, 133.74644, 81.36924, 54.851051, 148.88258, 55.155502, 205.20093, 43.217953, 72.446365, 39.087898, 50.313503, 38.220295, 32.494144, 46.504917, 166.64714;
  88.314072, 144.17278, 154.64812, 205.73161, 161.04282, 172.68208, 127.95124, 143.75658, 159.66232, 70.035324, 176.80112, 199.47993, 54.795353, 178.65982, 201.93472, 66.776154, 106.28009, 162.16548, 81.111732, 146.49492, 142.69188, 77.658669, 68.585716, 123.4665, 189.82991, 160.17201, 187.76138, 219.21233, 195.55673, 167.6243, 193.10577, 157.05779;
  77.384651, 79.51339, 69.280212, 52.528473, 83.077423, 54.412785, 134.40761, 68.881386, 72.671844, 149.88364, 79.604095, 200.69165, 161.52892, 36.976818, 144.78911, 118.79541, 73.040291, 61.452396, 74.457352, 146.31352, 159.26108, 151.99234, 72.731491, 77.37542, 59.797436, 51.292595, 87.00248, 128.43462, 60.152824, 126.23385, 51.846725, 139.42786;
  171.0562, 164.88652, 205.3985, 93.594437, 185.44548, 175.11057, 172.98802, 151.91907, 188.73479, 88.998619, 167.83276, 222.20961, 41.220978, 182.18013, 238.19794, 162.97328, 102.71468, 164.26904, 176.24248, 142.98772, 171.79237, 98.884209, 163.63144, 188.96022, 47.393581, 69.729576, 200.25798, 228.70055, 221.23233, 180.38789, 216.51796, 160.50107;
  142.08075, 61.755486, 144.52951, 146.32436, 80.591492, 71.448769, 88.028725, 42.789639, 76.530197, 170.79326, 74.646683, 177.74258, 190.54874, 71.323227, 66.980324, 149.40239, 159.81248, 95.814293, 187.82153, 155.17303, 75.085953, 169.817, 135.06491, 161.4827, 151.62836, 124.772, 125.16602, 132.77357, 87.588104, 110.94073, 48.979191, 71.764534;
  112.52, 88.453506, 84.824799, 80.227089, 106.69363, 70.601974, 186.40498, 104.15207, 106.10198, 177.59074, 100.37287, 55.570305, 175.05504, 64.827042, 104.84412, 141.4297, 142.79718, 87.25045, 75.677223, 116.87219, 193.88612, 180.64601, 115.7673, 151.60266, 55.874664, 81.259209, 93.876465, 45.451485, 79.082214, 118.27291, 102.98989, 163.69632;
  111.30035, 174.58011, 218.53656, 120.14551, 175.83893, 163.16286, 77.919807, 177.17081, 193.36775, 83.638878, 181.23531, 242.62497, 48.157196, 187.19162, 238.63603, 59.507946, 100.51431, 165.91034, 114.16888, 151.04845, 160.25362, 101.33741, 165.74609, 46.014793, 206.94124, 175.80865, 218.19051, 241.11115, 245.19936, 192.98001, 233.27222, 75.723625;
  197.28069, 179.10423, 215.79909, 122.98833, 157.82037, 182.33946, 78.065643, 220.75995, 202.18581, 102.27863, 178.03818, 89.946579, 48.853886, 206.58528, 224.9485, 74.465805, 69.259544, 170.36899, 116.91678, 72.214912, 172.5195, 105.44672, 208.42708, 51.14584, 206.30513, 186.02005, 182.24321, 159.28893, 237.66727, 193.63019, 211.70187, 73.241692;
  110.45586, 186.53107, 103.48725, 97.886711, 191.21844, 152.60754, 148.46988, 209.26529, 190.82123, 82.5392, 188.32457, 230.74379, 49.415073, 176.83588, 227.30162, 77.064209, 99.27565, 168.84146, 72.539673, 159.80003, 196.92097, 75.727852, 73.109779, 60.763226, 111.40806, 142.46941, 178.97371, 233.50047, 196.65663, 154.94296, 224.44662, 181.16284;
  39.786621, 77.212509, 33.363907, 135.28465, 91.666267, 62.615219, 181.1877, 66.841385, 48.446983, 133.97552, 76.55619, 161.92807, 211.34117, 48.53706, 28.548208, 176.67468, 198.67108, 98.281487, 137.53596, 224.57281, 74.225517, 146.8791, 24.373306, 217.76028, 43.898994, 68.44622, 84.133804, 115.75383, 12.339091, 58.486008, 46.569851, 187.26083;
  106.66291, 90.344238, 116.29203, 84.983101, 117.95819, 64.599655, 175.98721, 135.2227, 83.35247, 152.58167, 148.25174, 187.68782, 74.811745, 66.694107, 171.02556, 86.803726, 94.988304, 168.3893, 41.850735, 201.12543, 186.6588, 160.09056, 81.452988, 80.542244, 79.707108, 73.22097, 165.88626, 132.99826, 126.34359, 182.42027, 127.61395, 177.53531;
  40.007145, 183.09802, 37.691383, 130.26656, 127.90211, 128.87744, 173.4576, 116.46474, 60.795876, 44.818661, 80.770256, 27.084536, 203.94904, 70.367126, 31.359444, 168.12917, 182.80559, 61.254684, 133.3345, 109.44843, 95.841042, 153.16193, 67.261292, 223.96657, 52.710663, 69.207634, 50.249966, 54.119186, 34.338276, 37.918968, 137.88351, 176.36012;
  92.950737, 169.55882, 103.70773, 68.461113, 152.62912, 138.4041, 116.64794, 158.81622, 118.38029, 85.046776, 102.56158, 196.85524, 69.879875, 121.77332, 186.2527, 74.443398, 57.776363, 97.370605, 81.721558, 88.474678, 157.10185, 79.891777, 100.28314, 62.953777, 89.471077, 62.474674, 73.079155, 189.4077, 140.85442, 139.20149, 142.5948, 157.2419;
  147.97968, 101.76836, 211.30972, 76.091972, 171.72147, 116.21312, 177.03482, 169.57455, 168.32541, 204.13705, 165.33931, 210.43892, 47.34856, 181.78828, 225.7901, 115.46106, 80.655464, 188.48119, 111.81948, 155.4995, 168.76756, 108.40612, 181.92091, 98.965187, 59.385189, 53.202656, 195.44395, 196.45341, 215.04327, 208.96921, 138.21091, 171.77902]