Name:Parena
Detect:1
Describe:3
Size:100
Length:32
[73.224831, 163.32162, 122.33327, 95.543541, 218.38152, 170.71899, 190.31839, 142.81224, 188.13921, 72.982841, 179.63062, 236.07138, 40.612011, 167.21399, 235.13661, 144.37309, 104.22629, 162.81337, 70.485596, 150.79152, 165.18501, 62.949982, 39.355778, 168.53204, 45.18679, 43.158466, 177.34201, 237.92262, 237.30835, 164.89737, 234.95856, 175.85335;
  172.81108, 82.542892, 106.62188, 85.464989, 53.608307, 52.686214, 81.56488, 91.86808, 124.49539, 175.27606, 145.20222, 89.709831, 139.2614, 56.112381, 125.91586, 143.0714, 51.790718, 167.5752, 100.41694, 106.60017, 151.91396, 161.6151, 154.47531, 32.529587, 165.85614, 198.47041, 89.827095, 40.970684, 96.533661, 188.32791, 83.326004, 51.379753;
  105.87192, 93.77951, 131.5087, 64.784386, 132.84599, 64.336693, 171.66606, 106.14578, 104.90485, 187.15189, 94.698692, 80.351631, 170.09088, 67.456238, 149.06801, 131.75481, 84.508392, 90.614822, 62.98811, 99.266243, 174.42575, 185.91431, 148.91583, 72.703568, 55.534004, 90.745964, 78.964012, 52.358036, 131.46448, 176.24733, 112.41629, 149.02776;
  36.735577, 72.28067, 33.905521, 124.21207, 90.787544, 87.583588, 175.64578, 33.209686, 56.706631, 174.43877, 76.393105, 19.601931, 206.05876, 51.144634, 13.973062, 194.63136, 160.3354, 86.512901, 136.5728, 104.18839, 74.500481, 149.13652, 66.612442, 206.25688, 42.299484, 72.017677, 21.902082, 21.473825, 9.918705, 58.851742, 25.818878, 180.14359;
  140.95216, 166.71721, 100.27074, 146.836, 146.19882, 102.77449, 90.633911, 133.08688, 107.08006, 118.31631, 77.907585, 164.06151, 176.9987, 117.15034, 104.18646, 141.63098, 154.95477, 83.947609, 189.22519, 119.74715, 119.21087, 76.742271, 147.18939, 173.42987, 159.74683, 100.49463, 123.452, 189.15523, 90.767654, 82.554504, 124.81451, 80.981453;
  25.238321, 153.53038, 38.325546, 146.20607, 145.60954, 160.65233, 181.14304, 104.76788, 44.489456, 36.045471, 82.612854, 145.88734, 195.96837, 74.568825, 46.791649, 157.64633, 219.55972, 64.300331, 137.69574, 195.79536, 85.901199, 150.49959, 29.149647, 231.76353, 57.546917, 66.03183, 120.22343, 151.98965, 40.606239, 34.168251, 141.96713, 199.20834;
  100.51525, 160.8412, 67.999725, 127.57034, 99.586006, 175.48177, 83.811768, 162.7448, 146.82878, 49.07048, 166.90277, 57.936535, 67.390221, 161.47906, 75.671341, 66.602486, 111.16634, 154.45612, 81.920601, 91.339989, 71.770187, 79.696999, 80.357002, 58.44207, 180.45638, 159.59438, 72.898727, 96.046982, 124.59708, 78.27626, 140.14772, 109.05103;
  150.85213, 92.298309, 87.826622, 35.281704, 80.534393, 73.14225, 76.041412, 92.798309, 78.729057, 177.72672, 73.277489, 57.949696, 184.97333, 66.330833, 44.967945, 172.84744, 136.8299, 89.237946, 175.47005, 95.349785, 91.744736, 165.86874, 167.40805, 77.393074, 71.467476, 89.69162, 62.316097, 40.156761, 65.909218, 80.941269, 50.938931, 55.14436;
  100.63578, 174.24083, 200.189, 94.653442, 208.12225, 192.48923, 137.21284, 183.03693, 191.55367, 111.11903, 175.09702, 91.897934, 44.102066, 192.73715, 222.96353, 100.44197, 61.677982, 156.16193, 93.794037, 51.586697, 153.49403, 97.334862, 201.42155, 52.486927, 81.859634, 149.14816, 122.46468, 144.54015, 238.79037, 177.01009, 207.16927, 175.64565;
  121.41372, 171.34784, 211.20923, 90.232155, 212.1785, 177.88033, 182.1996, 155.09644, 187.39767, 90.693871, 170.79733, 225.95383, 40.666054, 180.97752, 239.10988, 160.68271, 104.5716, 164.31514, 142.464, 145.95262, 166.32675, 92.851593, 164.19899, 192.91013, 43.359467, 60.496559, 189.5528, 234.40485, 234.06801, 184.21748, 230.8658, 177.69417;
  82.134537, 83.150887, 90.771454, 184.49693, 85.58004, 71.904289, 131.9581, 88.363762, 76.547684, 159.57391, 101.2299, 138.68698, 200.30484, 64.799385, 128.15599, 140.02861, 149.11818, 92.819824, 111.67983, 142.13998, 172.29973, 155.02963, 86.463554, 176.20674, 172.08923, 206.23773, 110.85728, 129.95367, 49.663147, 170.40395, 61.20504, 130.32187;
  50.237659, 156.19238, 132.05391, 126.98347, 204.80786, 183.5654, 175.4873, 136.98659, 114.661, 74.237183, 90.628891, 187.52707, 100.6344, 169.60565, 170.39914, 146.67201, 184.45064, 56.652611, 142.04073, 129.55006, 138.66171, 118.86368, 66.955673, 223.21513, 48.397221, 54.194775, 142.59822, 209.82127, 159.97533, 74.232391, 179.26233, 192.82797;
  88.295357, 181.61731, 93.343788, 135.17686, 167.50218, 150.91942, 189.48929, 196.91565, 177.80806, 67.909691, 196.72371, 220.65404, 48.147678, 175.93471, 193.55876, 160.6189, 109.86781, 171.19293, 73.338036, 167.61691, 211.36305, 67.69532, 42.893806, 207.6469, 65.039505, 51.077808, 181.67944, 208.83646, 99.641525, 148.84895, 220.369, 187.66435;
  38.573997, 91.972969, 37.280239, 119.92726, 110.16444, 88.415276, 173.41026, 166.95471, 60.272018, 174.20164, 79.068985, 19.852844, 207.90329, 83.135315, 17.940496, 189.29697, 160.16193, 97.684509, 138.77829, 108.3757, 84.318146, 150.91333, 77.703041, 216.37543, 49.245125, 74.682419, 25.753624, 23.853123, 16.292364, 68.394791, 28.849916, 178.4511;
  83.698463, 175.12711, 59.433521, 64.452065, 178.60698, 117.20176, 167.6826, 140.50842, 88.51281, 88.399857, 83.21225, 68.056847, 159.62186, 67.420837, 88.692123, 105.34472, 146.1593, 43.745548, 84.573799, 78.309586, 135.74506, 122.85533, 103.20468, 114.8202, 62.107586, 60.562088, 59.653088, 109.85045, 126.10808, 53.933643, 176.35472, 162.91901;
  213.60126, 177.34016, 220.44699, 121.17835, 166.06673, 163.0954, 76.457932, 217.8197, 199.43497, 83.249397, 179.09659, 244.57716, 48.574356, 188.18396, 239.98195, 66.096214, 101.52854, 164.35709, 118.87242, 151.38431, 179.87657, 107.5107, 170.2957, 48.514851, 211.60599, 184.88617, 233.8708, 242.85173, 248.34749, 195.99089, 236.42111, 67.80127;
  140.75462, 87.554207, 163.98724, 96.617676, 117.54631, 63.77528, 74.775284, 82.904343, 85.166412, 192.20316, 83.459152, 194.85303, 177.58305, 64.250832, 165.06772, 102.75949, 67.040085, 102.52627, 139.33313, 102.29305, 130.79805, 144.25812, 175.39781, 45.358032, 169.46249, 156.74005, 111.075, 158.03796, 145.40511, 190.70634, 72.401154, 81.836624;
  104.1821, 173.64284, 209.26942, 99.896675, 214.18779, 167.79674, 111.66997, 176.37071, 197.12325, 88.111046, 185, 237.75159, 47.485966, 182.64053, 240.48827, 94.152138, 97.575592, 167.28285, 93.179253, 148.39688, 163.08325, 97.602982, 167.59091, 50.299797, 91.305222, 164.88095, 190.30209, 239.19756, 248.80597, 187.57329, 230.91566, 176.36189;
  99.418037, 97.418037, 169.6631, 80.059639, 169.05484, 60.505089, 172.41211, 147.49577, 81.640762, 180.31035, 130.55145, 196.16225, 84.466087, 84.620697, 181.77078, 82.297348, 84.028831, 162.18938, 56.418602, 178.75439, 174.52742, 161.9839, 110.89204, 81.6026, 77.712555, 60.912949, 170.619, 151.64162, 172.97231, 205.79735, 149.22725, 175.94743;
  200.11781, 192.70178, 105.53496, 128.94164, 93.807304, 138.38942, 82.051018, 193.45108, 181.94623, 73.51973, 173.75005, 216.52853, 57.82951, 169.11946, 208.18169, 87.325378, 91.263535, 174.43953, 103.88383, 161.36447, 205.4476, 77.341713, 128.77831, 56.3452, 205.84529, 177.35602, 192.95467, 203.7616, 103.6469, 156.52652, 192.72104, 74.515503;
  210.5094, 136.09486, 199.94333, 112.53147, 32.295242, 157.67752, 78.536476, 103.57343, 189.20273, 63.638855, 173.18488, 232.59659, 44.747498, 153.9986, 234.96103, 81.582344, 90.17173, 158.57718, 113.31904, 144.09001, 155.94975, 100.55902, 158.16516, 35.738888, 184.92299, 164.13072, 221.16016, 216.04478, 226.06982, 164.9496, 154.60754, 60.342049;
  183.18095, 156.60892, 178.18201, 88.055717, 150.55054, 163.82648, 80.34359, 143.98672, 200.80791, 89.975586, 168.45848, 125.16211, 49.500397, 172.5654, 213.53224, 182.80949, 56.891747, 158.22765, 125.68665, 56.097637, 151.4346, 101.52507, 182.8018, 57.845848, 86.440697, 174.12311, 121.21597, 123.55267, 215.46617, 180.05492, 193.09711, 56.961262;
  112.27715, 180.58467, 105.72749, 107.39097, 108.14637, 168.87004, 136.70642, 200.18987, 181.61613, 80.332146, 189.98303, 71.563339, 65.683449, 180.10698, 183.68098, 91.605743, 83.69548, 177.34145, 67.796989, 116.87032, 188.92667, 82.710808, 111.37674, 81.259369, 120.23256, 158.13734, 126.65472, 100.5316, 124.64159, 152.74336, 165.87059, 163.94473;
  178.61575, 174.3367, 212.22371, 177.49127, 167.86496, 184.18076, 104.45177, 189.22371, 184.42651, 109.26298, 173.63666, 204.24553, 59.646305, 205.34291, 226.32109, 140.17731, 108.90514, 185.74898, 182.36978, 146.81924, 175.33992, 97.150436, 169.77101, 178.92145, 192.19707, 193.15021, 212.1091, 229.0154, 209.77837, 191.38034, 211.87714, 109.03973;
  35.105614, 139.70712, 58.346794, 134.25804, 161.52808, 200.60661, 170.66763, 66.250946, 77.701134, 53.960949, 83.487244, 41.475483, 171.69803, 90.017754, 46.349899, 150.93654, 179.26448, 45.723099, 135.02818, 56.731308, 73.68116, 152.78656, 60.908142, 214.03439, 51.737743, 66.214554, 51.931885, 98.266472, 97.335701, 33.807854, 144.48857, 186.04172;
  47.26305, 135.24095, 57.101402, 189.44025, 107.49623, 186.06651, 107.99799, 88.302956, 87.473137, 46.921185, 91.433479, 34.943775, 187.90688, 104.26631, 37.541164, 107.02209, 181.32103, 61.057728, 124.1255, 75.877762, 65.896332, 140.74825, 63.768822, 182.16841, 189.42419, 191.77309, 52.30246, 78.297691, 68.390556, 38.487949, 112.70607, 142.40788;
  83.970833, 70.978622, 41.487141, 142.58461, 47.457428, 77.377357, 72.372826, 64.717934, 66.982613, 133.1154, 86.028084, 37.281525, 202.79385, 53.813046, 20.370472, 92.408157, 141.46992, 77.639496, 78.646378, 101.22627, 72.913773, 152.75706, 75.32283, 53.892754, 195.63461, 176.41975, 52.417213, 26.727718, 33.615761, 67.863411, 32.59837, 73.399277;
  119.97672, 89.296097, 137.5891, 104.39539, 85.531693, 94.822029, 155.93794, 71.698578, 70.946808, 183.16312, 74.655136, 32.235813, 198.70877, 78.868347, 38.574245, 166.30119, 155.66866, 91.232269, 175.8136, 102.26573, 78.698357, 175.01329, 199.09729, 194.39716, 50.956779, 88.791443, 69.040115, 37.603722, 47.392506, 83.47451, 34.925087, 157.0226;
  115.18082, 163.43398, 199.70113, 67.892189, 201.6972, 169.00409, 179.74036, 137.40463, 193.95888, 85.535995, 174.22705, 237.42528, 40.927841, 169.58836, 240.8857, 121.99659, 89.852264, 158.12505, 86.657455, 139.31831, 165.22365, 97.121117, 150.81337, 43.65609, 46.616341, 35.119923, 193.28557, 234.45189, 244.993, 185.51944, 224.87479, 162.01176;
  71.236397, 179.91241, 94.793365, 102.80044, 155.52037, 132.63309, 186.38716, 189.8224, 75.236885, 79.328133, 111.75848, 195.46719, 71.67675, 92.956818, 175.85606, 134.36449, 103.91339, 123.57331, 74.202003, 196.41864, 193.77824, 155.51231, 57.752136, 203.26128, 65.429863, 47.360577, 141.78702, 169.01073, 101.04952, 150.77434, 181.5638, 192.94852;
  72.528053, 86.28933, 158.55908, 55.98592, 167.51706, 107.90429, 152.61848, 69.047089, 83.347633, 184.71991, 68.488892, 40.907372, 176.56128, 77.433441, 78.400658, 121.71529, 143.90276, 72.963478, 158.1868, 71.022881, 48.625961, 169.30782, 203.46271, 114.07503, 43.731133, 77.387016, 46.511993, 74.033447, 173.78658, 92.513313, 85.425964, 162.72101;
  100.28816, 84.173996, 50.323807, 176.66017, 50.537529, 83.573334, 80.887405, 90.075531, 57.385208, 155.26288, 78.538475, 18.790829, 210.98822, 68.946609, 12.718593, 118.88128, 167.62108, 94.382538, 155.37862, 114.94991, 81.812813, 151.75754, 77.941582, 205.43436, 201.92776, 178.42163, 51.747959, 23.206186, 10.38505, 66.000626, 29.032505, 88.473145;
  115.07732, 150.06049, 120.49158, 130.15298, 158.36916, 158.0873, 88.13282, 141.34088, 179.86447, 63.617336, 174.70422, 229.19373, 49.315319, 159.65579, 219.36313, 80.010391, 96.081894, 159.7327, 81.670341, 146.36624, 159.47641, 77.601952, 56.241947, 53.574516, 190.56973, 159.03346, 184.84702, 225.09727, 218.90854, 165.22304, 217.67532, 75.699852;
  168.98021, 97.43821, 112.23878, 98.618073, 42.508575, 144.2036, 70.241425, 91.232407, 181.09235, 57.40435, 166.02769, 171.28606, 52.150173, 137.88873, 188.0686, 96.619614, 58.623569, 154.65392, 102.97318, 95.643799, 114.52419, 76.315079, 122.93623, 31.777924, 175.81947, 171.989, 115.97955, 124.48922, 130.61588, 145.06837, 109.33311, 53.44437;
  157.37848, 122.27242, 175.85869, 89.587822, 153.10236, 143.61998, 164.24768, 147.39487, 162.81139, 176.41251, 141.48608, 76.256653, 68.187698, 187.50249, 114.84478, 145.45084, 163.16791, 165.47743, 190.12154, 115.52938, 125.84849, 109.14781, 185.87633, 186.94559, 60.951454, 81.835808, 134.81448, 113.54144, 156.93848, 98.867043, 141.01051, 155.4496;
  94.406792, 161.13559, 174.0663, 211.02092, 188.52635, 176.12418, 171.5432, 166.4913, 175.76874, 80.711411, 183.03098, 198.07661, 56.277443, 188.95189, 218.8913, 69.490211, 113.17037, 172.22391, 88.521736, 152.38478, 164.84999, 83.347008, 87.58342, 171.3951, 162.9008, 158.29727, 192.88614, 223.47662, 207.09755, 176.91086, 213.04863, 197.78206;
  102.86505, 195.11665, 99.188644, 92.19648, 170.56308, 146.72321, 152.98312, 218.61487, 181.88002, 81.456642, 192.01782, 221.90497, 53.671894, 176.9147, 214.21027, 75.308861, 97.775246, 174.18698, 59.933712, 170.0677, 204.49417, 68.88501, 76.630318, 62.763363, 101.11903, 112.2402, 167.80637, 218.53148, 149.21715, 152.76241, 210.22025, 188.84557;
  76.371506, 84.500267, 68.748024, 57.45541, 88.858047, 49.631134, 142.63773, 79.109497, 72.579681, 151.1087, 81.583374, 205.49341, 165.88997, 39.345909, 150.519, 116.29868, 69.513191, 66.38311, 54.069656, 166.05989, 168.93088, 154.80765, 68.957787, 73.293137, 64.208443, 47.879948, 106.73325, 128.92691, 59.92823, 141.52322, 62.677044, 146.51003;
  178.82933, 82.854736, 141.47516, 54.509129, 76.967751, 55.855591, 110.35787, 94.331619, 114.03082, 184.13269, 141.01512, 196.492, 83.404388, 69.43322, 164.35359, 170.58247, 73.253136, 180.75085, 147.45319, 181.20319, 173.27425, 138.63612, 150.12357, 99.324196, 61.261414, 82.614723, 157.09445, 124.77311, 109.25028, 180.96147, 94.572769, 75.782814;
  168.39087, 165.13269, 136.7639, 94.480461, 156.56395, 62.331299, 81.562622, 179.14677, 111.53843, 164.13721, 154.569, 82.851372, 125.90295, 100.01437, 110.09972, 87.054779, 73.850311, 182.50865, 106.31535, 112.93088, 142.25366, 123.93885, 173.6868, 48.303909, 185.36667, 173.00719, 103.00984, 83.56501, 149.59532, 183.58231, 166.93513, 65.1614;
  167.6568, 141.29526, 180.79526, 175.90485, 133.45547, 163.39188, 85.511986, 155.6003, 172.48581, 61.439335, 166.57069, 88.443985, 59.847115, 190.41512, 136.60739, 76.230919, 96.769081, 178.06923, 105.06384, 144.60518, 68.81678, 92.598335, 149.86179, 63.938354, 198.78546, 178.6091, 207.39017, 116.7385, 195.96526, 164.44569, 195.54697, 65.365707;
  164.9196, 169.31566, 195.58421, 112.99809, 153.93466, 193.15761, 74.078491, 173.56937, 188.39944, 89.541153, 167.96564, 58.567669, 50.000423, 194.37888, 127.91621, 61.253075, 52.290836, 171.89818, 118.15846, 40.729103, 63.554943, 97.080185, 195.13449, 40.658039, 206.19199, 182.8148, 91.86869, 118.94485, 223.02843, 164.7325, 190.99512, 69.470299;
  54.208035, 173.88312, 54.877586, 129.50771, 150.31578, 125.82348, 178.7244, 152.74675, 67.620972, 76.762871, 91.874939, 182.96634, 177.78668, 72.751808, 137.91702, 171.85522, 197.23137, 57.741703, 130.48196, 183.96561, 199.88649, 152.24507, 52.572872, 229.39539, 55.322514, 60.7393, 133.25951, 167.97884, 54.248436, 56.113998, 155.15465, 186.31361;
  123.9914, 156.51109, 139.83469, 97.812263, 167.97575, 98.864937, 68.765846, 106.04016, 82.292572, 139.17393, 63.401306, 45.570274, 179.90927, 75.277451, 74.390877, 77.411736, 136.25842, 60.605217, 153.7755, 54.226337, 60.968971, 103.57028, 197.24564, 47.656849, 167.65971, 167.74187, 64.941856, 109.63103, 165.56924, 80.871712, 148.03313, 78.82869;
  71.377197, 55.802311, 152.11177, 144.15527, 149.52835, 92.699883, 168.30396, 62.427311, 59.27533, 166.38271, 77.773674, 156.01183, 177.2979, 82.47274, 78.087555, 135.88655, 181.98402, 75.705116, 148.51212, 162.85297, 77.383255, 165.89345, 97.559746, 195.33644, 64.188873, 66.29818, 151.2789, 147.04597, 131.20677, 100.32847, 81.7957, 162.45126;
  41.093922, 77.428513, 31.625927, 135.44173, 88.166283, 60.943943, 179.39294, 66.835739, 48.33284, 136.05121, 75.951492, 162.1008, 210.63954, 49.434849, 26.375017, 173.15146, 196.91537, 96.390785, 137.7852, 223.1105, 73.835335, 146.69937, 25.564884, 216.35237, 48.202129, 67.553566, 84.782242, 113.13462, 10.239995, 59.038136, 45.991108, 179.04271;
  99.512718, 62.676006, 69.851524, 50.535587, 55.850883, 84.68116, 67.149437, 54.971336, 94.028015, 70.473747, 88.144279, 147.26892, 74.081154, 43.372623, 110.48051, 112.66409, 58.622543, 81.557808, 74.071175, 105.90467, 67.149109, 110.75909, 68.714973, 39.490498, 73.002899, 79.81868, 77.27375, 74.664734, 101.82351, 89.848625, 79.540092, 67.456039;
  222.91327, 165.13287, 214.19476, 119.00775, 160.40698, 162.25551, 75.119492, 87.362343, 197.07521, 79.437981, 177.82692, 246.26126, 47.862404, 164.18581, 239.51883, 63.96978, 102.56541, 160.11967, 118.04736, 151.40643, 178.27483, 108.39584, 164.69949, 40.202641, 211.69307, 175.29839, 233.94138, 243.11694, 248.5708, 193.87596, 237.75696, 58.123909;
  139.71088, 171.22816, 176.41013, 197.44626, 170.18793, 199.42867, 128.72816, 178.51949, 169.90636, 99.167503, 175.06599, 54.44249, 92.255188, 208.88278, 104.76619, 115.54652, 186.41043, 179.67694, 194.26964, 96.237587, 104.34507, 99.170021, 167.95631, 189.15494, 188.81773, 198.64456, 145.50409, 149.98492, 182.11629, 113.95129, 184.83408, 130.01257;
  194.40038, 58.841835, 212.93538, 109.11005, 129.99443, 141.71877, 81.169319, 105.23312, 191.46376, 191.96346, 173.02602, 225.74686, 43.742516, 172.41978, 221.20297, 85.405945, 65.594261, 179.43651, 120.60603, 124.19141, 152.44064, 101.89594, 171.73055, 31.039852, 183.33017, 175.99236, 181.81024, 204.63474, 222.53769, 202.86971, 124.73508, 76.002686;
  94.381172, 77.524117, 106.57176, 173.7444, 104.18559, 107.03382, 176.41705, 117.98293, 90.446465, 93.137939, 169.20412, 43.555882, 83.594994, 93.272934, 72.411171, 115.21205, 159.48412, 170.35617, 67.05735, 182.05411, 105.55853, 164.12793, 67.847351, 170.56764, 111.77176, 159.73647, 153.64529, 48.216763, 109.76235, 121.73911, 138.27588, 148.04411;
  194.91737, 122.19077, 201.87555, 64.756439, 159.74879, 87.466721, 143.67355, 181.52385, 179.74113, 206.72226, 161.04311, 215.00052, 54.967102, 181.35017, 223.35425, 139.22928, 68.651878, 191.8054, 132.20428, 156.7243, 181.75899, 101.27493, 188.43459, 82.472588, 58.458813, 57.490692, 201.71844, 188.00153, 197.92578, 212.97475, 147.2915, 112.46416;
  113.94965, 106.80374, 68.152847, 70.65963, 66.600243, 179.05849, 93.921013, 61.141994, 156.07507, 67.595421, 81.781425, 59.066628, 131.89238, 144.88544, 74.169434, 131.5921, 132.91589, 54.739525, 167.84534, 50.237865, 52.805244, 67.535118, 135.14833, 101.9385, 80.922821, 76.150436, 51.919205, 94.422371, 82.001808, 31.684956, 64.501053, 100.30721;
  114.44673, 84.128372, 205.29872, 102.4136, 113.73833, 168.84929, 175.21771, 107.70496, 169.42047, 126.29062, 157.99655, 205.98845, 43.090572, 174.45189, 224.37236, 145.459, 97.53289, 164.1183, 144.54196, 149.9838, 141.14604, 99.37162, 141.66028, 175.284, 48.957043, 68.24791, 179.09596, 194.26337, 200.35837, 171.44109, 107.15071, 179.17967;
  130.54953, 73.655434, 39.889481, 136.80975, 44.490677, 80.368866, 133.62892, 65.295128, 60.351585, 155.13773, 69.120102, 27.354662, 205.71651, 58.165611, 16.237982, 184.77879, 159.91531, 82.403595, 156.93071, 106.08007, 84.923523, 154.41557, 72.130882, 201.24654, 99.546112, 83.809753, 60.063988, 22.15432, 11.66296, 66.916344, 28.869633, 49.088966;
  146.80295, 167.30284, 137.91542, 123.0855, 137.6347, 195.41991, 63.353077, 130.75732, 174.89514, 81.654762, 140.58838, 51.959667, 127.84535, 192.19359, 81.741875, 99.523621, 144.24199, 116.03204, 181.14427, 37.331875, 59.740032, 85.799957, 182.91772, 67.120537, 189.16939, 192.92464, 77.80249, 120.20696, 168.24292, 60.372665, 146.60751, 65.333946;
  69.182091, 162.46895, 135.16866, 77.217613, 200.47462, 181.65134, 182.81403, 161.12059, 153.26985, 91.589249, 132.98686, 104.66059, 51.879997, 166.037, 211.1188, 140.65791, 82.115822, 113.56418, 72.466866, 58.491638, 156.56627, 90.973427, 110.78776, 130.29671, 49.103283, 58.802387, 85.524178, 138.06149, 206.86894, 144.70209, 201.49551, 170.47282;
  66.088081, 78.581734, 46.565811, 130.88429, 95.122147, 54.193306, 180.44748, 76.261436, 58.836723, 166.90022, 85.736542, 189.84155, 200.28542, 56.215679, 121.19794, 182.09251, 201.10884, 79.351738, 135.45595, 213.58617, 193.42168, 151.83772, 52.819996, 213.75307, 45.239666, 66.446678, 147.79762, 133.37532, 23.302961, 72.584358, 55.650471, 181.38036;
  94.199234, 137.50722, 39.985825, 170.87489, 65.027802, 101.74271, 128.11502, 98.878983, 66.871628, 41.37067, 92.517578, 136.57346, 203.56172, 65.120468, 42.855, 100.25865, 201.86835, 76.360039, 136.15999, 195.45026, 103.16843, 141.2641, 38.316433, 204.05287, 187.20932, 100.23276, 150.6187, 125.32951, 27.691196, 50.308529, 108.16544, 106.35841;
  72.040062, 160.97975, 98.785637, 141.17004, 203.67612, 101.17921, 177.99063, 171.55934, 67.331558, 188.23035, 84.675903, 53.73748, 204.35414, 109.5489, 47.090775, 128.00404, 176.39505, 99.894524, 146.71852, 123.70488, 137.67334, 168.38036, 109.77988, 221.50394, 87.00618, 86.201363, 79.658005, 101.27254, 72.824203, 99.106758, 128.1743, 190.28148;
  214.36713, 89.433823, 213.96965, 104.40347, 115.34318, 107.91927, 73.461288, 138.15321, 205.98616, 206.20009, 171.13835, 101.01425, 54.433617, 173.40512, 203.76378, 89.535828, 35.610985, 187.87447, 116.85051, 52.879002, 151.55792, 103.71196, 210.90172, 25.284534, 188.78009, 181.69006, 124.12575, 102.79517, 214.08342, 214.30084, 111.99546, 53.226719;
  92.473228, 109.88202, 169.60132, 62.117176, 185.30038, 85.096931, 167.76085, 101.63861, 88.363777, 196.40532, 71.042076, 186.19547, 159.51131, 82.212776, 179.83647, 157.65433, 126.84314, 72.991745, 167.90625, 98.970169, 160.45219, 153.71344, 167.17284, 174.50412, 43.617043, 68.855659, 95.248466, 176.05458, 157.98108, 145.98668, 111.99014, 167.93634;
  177.44701, 89.109917, 88.129974, 171.21898, 47.328621, 74.492508, 78.984459, 109.89488, 114.82819, 124.99576, 159.66573, 77.632942, 142.8703, 91.450974, 45.380051, 99.440231, 113.63407, 190.23396, 111.96043, 182.35066, 95.420174, 129.17801, 116.8994, 62.012997, 206.16359, 186.68578, 166.27747, 55.421867, 64.962418, 133.81096, 80.962135, 61.529243;
  114.91723, 175.77045, 139.33746, 52.830765, 163.20209, 160.14746, 112.5486, 164.29123, 162.08681, 165.1297, 75.264748, 54.330765, 179.40282, 203.63205, 84.270447, 105.69102, 128.7319, 93.221519, 170.21046, 59.626007, 77.991287, 97.724533, 187.24129, 87.245308, 77.441353, 56.547253, 71.591492, 101.8244, 138.08211, 82.229897, 112.5744, 124.70208;
  78.624649, 100.2667, 65.298447, 82.898636, 114.39957, 75.685562, 156.27586, 120.51552, 78.315147, 169.91228, 87.888519, 40.110771, 194.16298, 73.817024, 34.572201, 58.891346, 144.97249, 86.866417, 63.006115, 110.21214, 102.59689, 173.49059, 104.27705, 77.227425, 92.356064, 76.775635, 55.316555, 36.651691, 69.397224, 79.355598, 67.409927, 164.31679;
  183.99236, 73.251106, 188.80612, 115.4297, 81.548836, 111.48618, 73.590034, 91.38826, 171.29378, 163.60927, 160.2326, 60.819683, 73.077209, 162.09323, 96.328812, 77.245186, 52.883816, 194.99185, 124.35767, 68.033546, 48.61692, 102.36112, 191.18352, 25.700296, 192.22496, 187.19363, 107.51307, 73.353973, 189.407, 184.96719, 82.949432, 60.94154;
  180.1031, 171.85953, 204.83154, 103.74178, 163.13672, 168.2186, 73.384979, 168.20714, 189.2092, 98.632111, 173.53766, 226.04056, 46.763191, 180.58366, 221.45146, 75.27343, 52.124317, 164.31079, 122.92375, 52.196056, 156.00732, 99.308167, 174.0415, 41.505352, 196.92601, 174.13127, 101.53202, 220.79906, 231.28075, 183.67212, 188.957, 71.846573;
  115.68964, 171.34169, 121.93204, 49.775761, 132.76073, 158.72032, 102.05857, 145.85687, 165.13217, 142.7338, 84.898529, 205.09114, 150.73849, 179.20357, 199.49765, 116.78265, 64.932663, 79.938927, 160.92421, 75.985596, 158.8622, 74.040092, 169.45914, 80.406204, 82.603508, 49.140308, 81.361732, 202.70311, 114.8409, 118.88444, 91.288132, 148.96367;
  38.159191, 82.626854, 52.649811, 150.44276, 85.880417, 87.240509, 170.55574, 78.983643, 53.64291, 171.93999, 77.212601, 19.869766, 207.37659, 65.746284, 14.925282, 61.179443, 164.33038, 91.451759, 134.47366, 107.74883, 76.686119, 150.44591, 72.755585, 203.44426, 99.45536, 69.169243, 26.902325, 31.886871, 12.453863, 60.934284, 25.367441, 186.3967;
  63.78904, 75.71019, 42.806797, 151.08113, 79.660362, 78.404732, 178.64279, 76.999428, 57.840015, 123.0546, 82.3255, 26.703894, 202.03493, 64.008972, 35.060326, 161.77586, 207.147, 84.056892, 119.36826, 204.4097, 97.062996, 154.59908, 66.154831, 210.16971, 58.838104, 76.139748, 153.85089, 37.372471, 21.184803, 64.008972, 65.415611, 166.50648;
  66.084358, 160.37862, 135.99277, 136.81464, 186.70749, 209.19873, 164.76534, 139.43822, 131.8521, 80.153816, 80.760956, 49.687992, 138.92419, 189.39592, 96.244301, 124.86043, 171.79185, 57.147896, 160.63979, 52.904907, 64.725243, 94.265999, 139.18185, 207.37161, 64.753723, 74.802368, 75.017311, 135.17551, 158.72897, 57.311787, 148.52388, 181.96516;
  154.74629, 140.05099, 143.4343, 54.53809, 138.24857, 172.09621, 89.254631, 122.82368, 166.25069, 67.539604, 142.97725, 112.79545, 40.521397, 166.27072, 118.19424, 108.43066, 84.463737, 137.505, 146.10532, 80.186646, 56.962673, 89.423676, 149.32382, 59.789684, 70.755692, 43.953873, 108.1906, 119.2428, 192.90593, 66.209717, 164.92018, 92.339005;
  42.792374, 64.021584, 37.318325, 135.22829, 84.731911, 119.46623, 168.27126, 37.985676, 56.929676, 30.56893, 77.344559, 34.507534, 187.06456, 44.943256, 27.226233, 160.14345, 172.11833, 47.965023, 129.45488, 89.74865, 59.335442, 148.15814, 54.543816, 205.06381, 47.133022, 71.448189, 38.383816, 45.298603, 28.556837, 34.119442, 46.436092, 171.32149;
  88.622093, 89.567879, 102.4492, 143.18997, 92.961731, 152.13826, 187.42459, 144.10318, 152.86971, 102.6107, 173.00797, 203.80843, 63.610477, 172.83644, 177.26878, 166.55034, 113.16219, 191.07562, 94.688377, 197.61298, 183.99931, 147.39931, 41.069019, 212.99863, 64.780182, 70.695671, 171.44122, 138.04965, 82.556488, 166.43394, 100.2451, 183.57812;
  113.76705, 64.04583, 154.31215, 113.15881, 98.093132, 96.449417, 71.256813, 58.878353, 71.33094, 179.04668, 63.888702, 35.651531, 199.17551, 72.784584, 52.438225, 82.564941, 138.83337, 87.523972, 152.19135, 82.853432, 38.434845, 182.69272, 183.22766, 48.718689, 179.97804, 183.40697, 67.267578, 43.794086, 152.61774, 108.53854, 40.21246, 72.908554;
  56.672592, 81.999641, 43.032902, 97.747467, 107.10812, 74.386978, 171.8515, 62.484615, 58.700871, 169.94415, 80.231194, 163.59221, 196.2632, 48.201672, 68.793884, 170.61781, 163.39409, 71.694115, 140.29735, 97.219635, 131.51733, 152.08269, 63.861637, 197.54135, 45.003735, 66.00338, 34.752266, 133.68362, 28.374355, 62.842075, 33.814869, 177.46097;
  175.57701, 88.296127, 102.51165, 139.43788, 37.81216, 80, 62.821972, 91.294197, 69.712105, 173.93306, 75.129837, 25.699842, 210.03346, 71.648849, 19.886456, 107.52129, 148.9937, 94.129662, 183.90047, 101.04538, 85.672157, 179.71596, 182.74225, 82.483269, 201.5558, 202.81812, 75.618538, 24.198879, 20.296654, 82.778168, 23.39653, 67.93972;
  38.639938, 56.978821, 127.79425, 110.41755, 168.35638, 120.32938, 170.80354, 65.034363, 72.70694, 171.40308, 80.145454, 31.804409, 191.40848, 78.787117, 40.216339, 152.06808, 161.39638, 76.718391, 139.85045, 83.147827, 48.751675, 173.55479, 83.63324, 199.85715, 47.31662, 69.766586, 48.055977, 51.449104, 151.26669, 93.63475, 64.556946, 165.78258;
  182.60843, 75.697838, 147.88379, 127.74432, 82.675964, 107.56413, 63.558109, 70.392395, 170.726, 168.14766, 135.42932, 51.667213, 177.92371, 137.58134, 70.872025, 100.40717, 138.14548, 117.39294, 166.80557, 56.390209, 63.177742, 90.868195, 195.28302, 40.677605, 185.7003, 198.22916, 99.771942, 77.248016, 136.27373, 92.96965, 61.187859, 56.176922;
  207.0997, 95.868668, 167.86296, 121.335, 53.525341, 61.589104, 80.69593, 139.96123, 169.22365, 177.1599, 170.69855, 199.41685, 81.89579, 148.75827, 189.25958, 106.55889, 75.27433, 205.04117, 121.54556, 186.32288, 175.015, 103.86796, 174.82893, 42.428268, 190.83275, 185.48918, 192.8551, 143.30765, 108.57031, 202.93243, 92.467049, 70.398293;
  200.61224, 172.2101, 213.96616, 119.52413, 151.34346, 180.8437, 75.372253, 180.93372, 202.94969, 98.709068, 177.50308, 90.822342, 45.363552, 197.09334, 227.58345, 71.044144, 65.49929, 160.88229, 114.83484, 62.416077, 176.62807, 106.14792, 211.02879, 41.621895, 207.12009, 184.01234, 188.159, 147.39314, 237.05063, 190.92549, 212.08955, 65.183197;
  81.193336, 72.915451, 104.63047, 129.7702, 105.50729, 55.676781, 184.19333, 102.53666, 70.018326, 154.6151, 100.09046, 204.02679, 126.85396, 53.707329, 169.30725, 167.81079, 107.86795, 114.79858, 92.075089, 210.90343, 186.57549, 158.90993, 58.676586, 205.98877, 54.76606, 68.768623, 164.23097, 132.8989, 66.974968, 180.69333, 90.711861, 179.31355;
  68.986839, 97.603203, 80.922791, 147.14368, 88.226585, 187.21342, 165.61548, 97.488266, 128.17986, 61.667908, 92.863785, 142.84799, 86.480804, 159.69839, 104.30928, 140.254, 178.508, 74.95723, 136.38802, 150.71945, 84.800835, 109.22943, 50.092342, 213.44637, 56.676025, 59.149811, 128.60057, 147.991, 68.268044, 39.150692, 82.78701, 183.14761;
  209.24222, 160.95422, 195.93301, 85.339424, 176.26826, 165.77873, 90.623932, 125.50403, 198.00645, 77.596001, 175.92924, 242.65038, 43.660717, 162.90683, 240.2049, 158.13481, 95.002953, 158.74316, 114.61131, 148.28128, 172.64139, 105.47449, 158.90172, 53.088615, 70.664345, 141.21066, 224.13708, 235.72893, 244.82452, 188.0282, 230.32304, 60.90078;
  121.46333, 120.68047, 174.05629, 196.01561, 164.03377, 83.39579, 171.3602, 174.0345, 96.635078, 184.98294, 170.32425, 158.04066, 132.27269, 125.3435, 159.29811, 129.45389, 144.0679, 193.23784, 128.19971, 191.48911, 193.35912, 174.90959, 115.77633, 192.58533, 167.09259, 189.06898, 188.26942, 149.84859, 133.85403, 207.94081, 152.75273, 160.69862;
  85.792076, 162.05379, 106.17113, 167.31627, 157.2383, 191.80933, 164.06743, 151.01518, 145.17783, 53.651314, 167.35693, 111.96603, 55.164181, 185.37674, 98.924606, 106.12919, 178.47221, 155.25606, 133.00284, 149.77124, 93.149002, 66.63562, 68.914055, 211.22852, 96.417915, 70.432068, 156.81035, 165.96089, 131.9035, 50.860786, 180.377, 178.54787;
  141.84924, 75.844528, 178.03445, 172.60248, 81.522385, 151.06596, 80.046234, 92.161079, 150.62369, 130.192, 156.15695, 178.90814, 75.913429, 172.49825, 148.69759, 144.60925, 116.61396, 182.82539, 197.9102, 150.19289, 88.368378, 99.530922, 143.42551, 157.62398, 178.69229, 176.24265, 168.4211, 164.35307, 138.88133, 152.82214, 81.536812, 88.425209;
  148.08734, 75.318741, 68.549942, 158.07202, 49.181259, 57.609234, 98.660965, 67.980904, 65.836052, 161.09013, 79.661957, 164.84203, 204.24951, 60.036213, 31.800636, 129.88242, 180.56645, 103.95384, 164.5004, 196.24573, 94.425591, 159.98329, 68.740547, 188.65401, 174.16534, 107.44747, 127.12038, 117.89495, 21.591722, 80.006371, 40.847794, 77.048546;
  118.21436, 136.64423, 101.63297, 204.48663, 76.126404, 153.25258, 106.12734, 153.74554, 161.28987, 64.783539, 194.79596, 196.2289, 69.552536, 173.26079, 168.80019, 107.22585, 111.98006, 180.54784, 85.806519, 180.11328, 173.50633, 91.804413, 48.712009, 156.71506, 205.57271, 178.01196, 188.31004, 168.88251, 84.560509, 156.7636, 137.93105, 120.35835;
  185.1494, 159.99219, 107.7887, 118.23284, 105.07106, 149.80618, 123.40942, 150.78627, 168.77011, 71.641724, 163.83553, 212.42503, 57.158276, 161.28452, 199.27321, 182.22719, 106.70686, 164.74886, 161.7459, 161.43311, 187.80511, 69.601616, 94.597305, 186.95209, 91.024223, 90.134048, 191.34563, 196.42046, 103.96985, 142.54697, 176.15639, 85.117088;
  130.22905, 177.35181, 44.907021, 140.29829, 111.01477, 88.616943, 74.127846, 140.88692, 84.045761, 82.231232, 89.004112, 46.576996, 204.25835, 73.332443, 32.504601, 97.893944, 148.73293, 72.295395, 117.57312, 93.855927, 105.34721, 128.74939, 103.97046, 77.375786, 197.21597, 174.70508, 75.085709, 69.492249, 48.014526, 61.166344, 132.62784, 66.659805;
  120.53985, 101.77847, 105.44237, 73.181564, 77.402634, 142.67198, 138.1945, 100.4754, 170.23515, 64.481407, 168.68492, 218.97366, 44.044582, 141.03951, 206.76877, 99.53315, 88.9739, 151.26404, 61.363365, 158.26819, 156.85701, 72.78933, 72.919609, 51.344883, 58.756527, 57.45068, 172.6967, 181.98567, 140.46754, 143.39847, 135.04828, 126.9173;
  43.215778, 190.40651, 37.021793, 131.05493, 131.10284, 113.19362, 168.67273, 152.46342, 61.01585, 52.314659, 80.216858, 28.115814, 207.80151, 81.2183, 30.336094, 159.65454, 178.77881, 76.564842, 132.28439, 120.14751, 92.855003, 147.06645, 66.807816, 224.58104, 62.297367, 70.123558, 46.371216, 45.81448, 31.444344, 49.086815, 127.51152, 167.43443;
  126.21995, 69.763237, 152.81891, 164.13905, 128.17677, 104.66894, 85.471031, 70.515793, 83.318565, 166.88457, 67.240402, 43.812771, 195.39627, 91.970917, 51.106567, 171.15405, 158.97887, 87.883888, 193.9675, 81.047485, 52.040218, 163.76755, 166.49625, 193.17723, 159.02931, 164.60191, 86.926834, 59.861168, 124.43694, 103.82095, 73.186546, 65.014084;
  149.42505, 135.50346, 67.996117, 181.78914, 64.483788, 175.7617, 88.315598, 138.43114, 159.13354, 62.078968, 167.64172, 62.091713, 102.11554, 176.89748, 64.114433, 145.31532, 182.25407, 158.83734, 169.45247, 134.76004, 87.8246, 84.463562, 91.797447, 183.48601, 181.17151, 187.51953, 125.03574, 89.869209, 68.828484, 56.633415, 109.05901, 79.691322;
  51.346931, 61.947857, 32.030823, 42.025261, 62.136269, 67.800697, 118.16477, 38.561531, 61.934185, 116.58957, 74.742065, 46.290382, 176.91959, 34.58123, 25.048204, 125.75018, 133.99675, 52.104984, 89.058167, 93.5905, 57.389339, 148.16988, 73.77034, 66.614136, 43.511471, 57.921902, 31.493395, 27.323755, 41.340443, 45.61182, 36.045422, 109.94855;
  66.702438, 112.20878, 103.35757, 124.19747, 119.13062, 150.7758, 101.36304, 85.81797, 124.6541, 64.189926, 106.35208, 128.46384, 159.82722, 90.092224, 146.4491, 133.0768, 80.793968, 72.009605, 67.405556, 68.269798, 107.43333, 155.70895, 75.488861, 66.156326, 138.60371, 176.10559, 90.374359, 103.57662, 136.85329, 152.64862, 138.04938, 114.79877;
  188.98756, 172.45596, 208.87967, 115.18076, 162.29349, 97.392235, 84.631378, 213.87714, 183.52527, 209.96422, 173.03352, 207.06474, 72.992897, 196.24829, 214.14598, 85.038589, 76.633415, 209.39427, 120.66566, 165.35213, 189.27469, 103.49937, 185.74106, 54.199543, 200.64383, 181.66743, 197.38284, 185.47093, 204.85327, 220.48286, 186.6918, 77.791321;
  118.66722, 77.337784, 208.10732, 75.275505, 163.64998, 134.85043, 121.29219, 124.63441, 163.6105, 198.16624, 148.50041, 113.71365, 48.053932, 165.04587, 199.5966, 127.92243, 48.686127, 170.30971, 102.54879, 67.700584, 126.7762, 113.95302, 196.81401, 42.274952, 58.078953, 128.64081, 83.446762, 111.0481, 217.24353, 200.86711, 111.99332, 143.76036;
  131.36401, 87.338501, 96.406006, 138.10826, 69.568504, 52.886753, 94.146004, 114.48525, 87.589005, 123.7375, 169.52275, 203.34377, 95.554504, 53.832253, 158.91476, 104.29076, 94.792503, 173.1145, 60.895004, 204.19527, 175.5565, 147.56226, 59.100754, 64.604004, 180.70026, 174.6945, 170.36601, 135.10675, 91.446251, 179.37476, 108.63801, 85.700005]