Name:KFC
Detect:1
Describe:3
Size:100
Length:32
[68.822304, 154.37585, 139.22408, 105.73602, 214.63676, 173.46556, 190.42497, 135.27728, 181.61937, 71.649727, 177.30798, 228.19406, 38.612553, 169.17906, 232.90347, 142.63676, 102.3339, 159.54774, 73.239769, 149.73431, 160.80423, 66.708046, 53.117325, 170.85641, 45.645294, 40.574013, 177.76978, 231.22408, 233.33595, 171.19508, 229.34926, 178.29774;
  134.04883, 94.180344, 180.16667, 68.460289, 146.84897, 68.825523, 71.404953, 88.113281, 97.765625, 192.82553, 72.134117, 193.97397, 166.75912, 74.050133, 187.29428, 120.34961, 59.900391, 90.79232, 150.60678, 84.676437, 140.50066, 129.05859, 192.39258, 42.882812, 129.04819, 132.70312, 101.30795, 169.07227, 167.01303, 196.59897, 89.70443, 85.403648;
  81.95665, 94.727592, 105.00586, 87.183952, 105.3181, 116.64148, 92.284714, 90.311661, 104.78559, 73.421791, 121.88752, 98.660225, 95.95079, 68.080841, 120.1898, 134.68951, 65.018745, 106.43526, 71.468658, 75.507912, 97.209724, 154.80902, 83.18512, 55.346222, 91.684242, 167.08202, 60.765671, 63.677212, 143.4464, 153.44229, 128.16579, 99.608086;
  36.984943, 70.313255, 34.571426, 123.1636, 88.827576, 88.983467, 174.91258, 32.814724, 56.01524, 173.13899, 76.21006, 14.540029, 205.3362, 50.84594, 14.14047, 193.57509, 158.01634, 84.710976, 135.70804, 102.97227, 72.200142, 149.26404, 68.876785, 205.84814, 39.860813, 69.176086, 21.420675, 19.668196, 9.6819677, 58.277817, 25.191883, 176.33601;
  123.08679, 153.04591, 162.55597, 62.031445, 188.39371, 90.527672, 161.77924, 147.7937, 100.16604, 208.27673, 64.349052, 171.08617, 172.22264, 115.97295, 167.82515, 150.75471, 141.59308, 83.823273, 188.41446, 102.00692, 174.6673, 131.73711, 185.01634, 180.55283, 53.682388, 68.810692, 92.593079, 179.44151, 139.36729, 128.99057, 111.1, 166.561;
  37.179939, 164.49173, 39.078888, 142.90045, 140.12209, 144.59541, 179.01089, 121.20811, 48.188957, 47.043953, 84.806915, 160.50226, 189.24455, 74.083023, 68.834335, 161.30466, 212.69234, 61.161156, 135.65138, 189.59729, 123.30579, 148.00339, 37.455673, 229.60106, 63.723515, 65.718254, 126.14425, 156.5045, 40.303154, 34.228024, 143.46657, 187.86551;
  146.03697, 169.26283, 186.46243, 115.59303, 159.23369, 189.89241, 75.423409, 171.4534, 181.58235, 71.534294, 167.39056, 57.243534, 48.014374, 193.9232, 118.62259, 67.846001, 66.953186, 170.29405, 117.62012, 51.554005, 55.479263, 93.969612, 191.95483, 41.716225, 191.85626, 179.90678, 98.114586, 121.28214, 227.14005, 148.38153, 194.34621, 73.586037;
  145.09724, 87.170013, 95.472397, 47.994354, 79.739647, 63.517567, 75.963615, 70.550186, 74.157463, 171.27415, 61.005646, 184.94354, 177.82811, 56.084064, 109.85696, 163.03702, 117.98431, 76.384567, 177.2616, 99.243408, 116.25345, 157.61292, 147.44102, 87.932243, 93.648056, 72.2202, 74.525093, 120.39084, 67.407776, 101.9542, 47.015682, 66.826851;
  104.54366, 82.791588, 136.53537, 106.43085, 91.977692, 160.27087, 156.69789, 122.99873, 167.55322, 106.51562, 198.93498, 75.826004, 63.170811, 174.74953, 172.61632, 95.316124, 95.268326, 173.24411, 58.871254, 130.7355, 154.65646, 116.28107, 109.50032, 79.802422, 85.745056, 157.5972, 135.24857, 74.818993, 152.15869, 170.09624, 123.0752, 178.57999;
  109.21608, 173.09872, 214.19745, 87.118828, 213.13272, 168.2749, 146.78125, 164.53709, 198.24593, 87.220215, 181.70262, 239.45847, 44.522316, 180.51935, 242.33609, 101.91753, 93.22879, 164.40466, 91.121193, 143.7041, 165.8782, 98.746078, 171.20691, 46.349098, 65.39225, 108.17883, 194.17174, 238.5764, 247.43541, 188.01891, 230.84363, 185.35175;
  40.817738, 85.600609, 53.603973, 153.18806, 91.341286, 88.275841, 170.08073, 92.07309, 54.896942, 171.65932, 77.928436, 19.126606, 207.00427, 72.659325, 17.024771, 62.695717, 165.81834, 91.466667, 134.31039, 108.49633, 80.133026, 149.87767, 80.596024, 204.00244, 100.31927, 69.747398, 31.557186, 36.628746, 12.828746, 63.962078, 26.978899, 188.64525;
  53.80582, 162.54657, 118.84921, 128.37619, 204.85979, 183.62698, 176.17355, 148.99524, 115.63016, 81.276192, 86.80159, 175.34763, 107.08678, 170.46455, 174.62646, 147.97566, 183.89523, 53.309525, 140.30159, 121.44022, 146.67249, 102.70794, 74.207939, 221.41588, 48.180954, 55.083069, 135.92487, 209.14604, 149.13387, 65.839684, 174.05609, 196.40424;
  95.678566, 80.061775, 104.52557, 144.85039, 94.191116, 159.02992, 187.82288, 127.34652, 154.1028, 97.380791, 177.06274, 201.40974, 58.921329, 173.39575, 180.04778, 161.44933, 115.89189, 182.01495, 92.196426, 192.62645, 177.42133, 140.06274, 45.709942, 207.75578, 61.642857, 72.208496, 171.84363, 147.1057, 90.454628, 158.38899, 105.28378, 187.97008;
  36.921391, 92.955276, 39.053333, 122.98112, 108.48611, 89.544167, 173.70723, 166.18279, 58.992222, 172.97528, 78.154724, 18.80389, 208.47334, 83.556114, 17.2575, 191.0739, 160.19583, 97.844727, 138.64166, 109.47389, 82.646667, 149.59222, 79.98278, 218.56389, 46.495556, 75.563057, 26.446945, 25.5375, 15.513889, 68.965836, 24.667223, 178.65279;
  79.097885, 170.90851, 57.602554, 63.357597, 148.49385, 140.98868, 136.40187, 129.27003, 96.610916, 68.039841, 84.22036, 63.417606, 142.61092, 97.623215, 71.727989, 80.445152, 132.20807, 51.421051, 90.549919, 66.166252, 95.956711, 104.27103, 107.23807, 75.469749, 71.784554, 59.118542, 54.286274, 102.27939, 116.09886, 44.961632, 149.92818, 147.70781;
  243.48862, 176.27652, 221.49103, 121.45507, 163.70465, 162.74007, 75.540466, 217.28821, 201.25394, 86.584099, 178.38538, 246.64575, 48.430088, 184.54288, 239.77898, 58.432674, 102.44891, 163.79129, 120.33934, 150.48541, 186.04221, 109.02828, 169.19881, 48.467117, 212.70447, 187.03275, 238.29382, 244.63112, 248.01659, 196.82422, 235.69974, 67.765678;
  116.80554, 89.403976, 69.452141, 124.24985, 67.512947, 49.552078, 77.948227, 99.697769, 77.188438, 157.8844, 85.686333, 153.86214, 203.99759, 57, 123.69115, 119.52258, 68.177605, 85.745331, 76.608673, 133.80013, 145.61469, 160.77002, 90.974113, 58.590607, 186.43347, 176.32993, 95.724861, 93.231186, 57.817581, 175.59241, 51.622517, 69.892838;
  111.51872, 175.81006, 217.65581, 122.29602, 174.67628, 163.07489, 78.780617, 185.64568, 194.09204, 88.187988, 181.56532, 239.64743, 48.643917, 188.64606, 237.71684, 59.189159, 100.27087, 167.56474, 113.19384, 151.50975, 162.56416, 101.50214, 165.33698, 47.510921, 209.37285, 179.41322, 216.72035, 240.63319, 245.02008, 192.15465, 233.16576, 84.837166;
  149.81009, 158.56854, 172.30267, 97.532936, 172.70505, 55.474777, 89.26825, 182.40533, 100.99822, 187.30089, 156.60831, 144.58635, 103.72225, 90.443916, 167.10504, 87.09436, 66.832642, 189.69911, 104.96261, 135.34125, 180.15608, 129.30978, 173.52344, 52.081898, 179.27061, 174.27715, 132.02908, 137.6552, 175.04807, 210.75371, 170.88962, 88.811867;
  185.46138, 199.49979, 111.36218, 134.42972, 115.74884, 143.76953, 85.009712, 226.87083, 184.74083, 80.768257, 177.15239, 215.52217, 60.006332, 181.20558, 210.56058, 84.651329, 93.299286, 181.58887, 101.95737, 165.35458, 210.31364, 80.361755, 124.17561, 67.204727, 207.59181, 179.59518, 191.98523, 203.79654, 112.01815, 164.08612, 195.05656, 82.69101;
  210.09805, 140.75049, 206.5029, 113.40898, 30.742496, 157.97246, 77.621315, 104.88213, 190.08208, 61.761776, 173.15781, 236.43129, 45.136326, 152.29414, 236.48416, 70.639221, 92.217026, 159.336, 111.11485, 146.32167, 159.26633, 102.40347, 154.13881, 35.483063, 192.77693, 161.65051, 224.7907, 220.17049, 231.99643, 167.44313, 167.74333, 54.239052;
  171.45432, 109.95838, 201.5665, 80.982239, 163.81879, 116.95889, 86.969543, 142.84822, 192.57463, 183.60609, 163.04315, 109.70051, 50.924873, 177.5797, 203.70355, 158.08275, 44.18528, 182.50406, 127.38071, 56.737057, 141.3924, 104.4863, 205.68123, 45.251778, 76.697975, 161.81523, 107.72691, 111.04975, 219.35889, 206.09239, 148.72691, 71.506599;
  88.554291, 188.37779, 98.409523, 94.245918, 169.93854, 175.66982, 165.37283, 207.8354, 170.13834, 76.293015, 181.17403, 76.196335, 55.764999, 181.13387, 200.03522, 113.62618, 83.2127, 161.69907, 63.0476, 81.064453, 183.13338, 69.750626, 106.70947, 97.338631, 83.15667, 119.49332, 118.56024, 124.46555, 161.9901, 147.65247, 199.10313, 172.69659;
  150.47632, 185.46492, 197.51492, 202.60176, 209.55789, 131.38071, 196.97018, 214.06931, 129.65176, 202.0193, 190.76053, 125.03246, 180.85439, 196.02808, 136.59386, 153.25264, 200.89737, 200.81316, 195.66667, 175.79738, 199.30878, 196.96579, 170.00966, 229.96843, 169.53596, 184.02632, 178.04474, 158.26579, 154.44824, 201.57281, 188.0807, 184.33246;
  40.066162, 61.693996, 39.412083, 129.66092, 87.417839, 138.84502, 164.06364, 33.798634, 60.703705, 30.390148, 78.631432, 32.813377, 179.76987, 46.756203, 29.432938, 157.27472, 168.68213, 44.32938, 130.42035, 78.259979, 52.609493, 150.15283, 55.833153, 200.34485, 47.735348, 70.182312, 38.861202, 50.825962, 40.507011, 30.419992, 51.168285, 167.47501;
  66.420021, 164.01509, 44.891682, 172.02606, 112.15494, 136.66316, 83.015999, 111.42459, 72.018738, 45.680073, 91.707954, 41.323128, 197.84233, 74.033821, 28.46298, 91.692413, 159.92825, 65.574501, 96.113808, 89.148087, 79.235374, 140.24269, 70.094612, 114.18282, 198.24727, 178.10786, 59.247261, 70.051193, 54.223949, 47.946529, 131.1723, 96.122948;
  82.169762, 68.661217, 43.976227, 155.46582, 50.222881, 79.610695, 74.209877, 61.161961, 63.138187, 135.47807, 83.176445, 32.242199, 204.3425, 53.396358, 16.114784, 84.688332, 143.80757, 78.684616, 71.247398, 98.937592, 68.703194, 155.57243, 73.875557, 54.852524, 196.91048, 172.48773, 55.433506, 23.225111, 31.247028, 66.28492, 30.213594, 78.16642;
  143.98119, 79.488503, 122.35979, 71.29586, 79.514, 89.959877, 132.45926, 58.83577, 78.923943, 177.7104, 68.718346, 32.946091, 194.25365, 67.172585, 40.124947, 177.09737, 147.50647, 83.231926, 184.47388, 92.953613, 74.264938, 176.26076, 189.15044, 161.39449, 49.592979, 83.517342, 67.081482, 29.968658, 59.489761, 84.26828, 37.956539, 102.85625;
  82.921288, 150.28554, 165.46674, 56.482609, 192.45882, 153.68333, 138.57901, 140.38986, 126.77119, 124.7773, 89.011589, 198.5125, 70.727272, 144.82428, 206.70409, 114.42342, 55.190968, 87.88224, 109.63026, 57.605244, 144.04637, 97.250755, 147.86577, 83.907867, 53.121414, 48.588772, 74.599754, 199.33008, 199.98169, 159.79378, 148.75716, 170.30811;
  64.640198, 177.33568, 88.656784, 115.45276, 151.7422, 134.45779, 184.93567, 178.17438, 74.145729, 73.643219, 103.03266, 196.75427, 91.263817, 88.084419, 175.98492, 150.82312, 114.27738, 109.81859, 87.164825, 191.86884, 197.4211, 153.79247, 55.45628, 212.29749, 60.595978, 54.864323, 147.07387, 165.60452, 85.160301, 142.69095, 176.04422, 191.56633;
  84.954483, 95.902328, 154.9725, 42.648651, 176.36037, 102.66335, 141.62779, 80.840683, 85.005219, 180.88052, 58.673782, 49.840683, 169.45898, 84.056427, 84.385971, 116.92414, 138.75345, 69.346138, 167.2627, 67.119019, 52.155052, 141.19299, 203.06165, 108.1029, 45.424847, 60.44334, 51.878143, 86.862968, 172.87578, 90.395454, 95.76577, 152.6918;
  90.054031, 81.346512, 52.973766, 184.10728, 59.880581, 90.808929, 88.104149, 86.214172, 58.020752, 151.96242, 85.814018, 21.059906, 208.18559, 71.617462, 15.50509, 128.85826, 171.70204, 92.960846, 152.32733, 109.27799, 79.223961, 154.23022, 87.916603, 201.9718, 193.86923, 219.36726, 49.689899, 29.045811, 17.666798, 69.274078, 34.299923, 101.31715;
  177.27066, 133.5489, 91.9674, 114.08129, 85.287628, 147.64896, 81.920944, 98.803932, 184.94775, 57.644039, 172.46985, 230.84904, 49.417152, 144.24878, 214.4895, 79.471191, 91.922287, 157.84457, 90.282272, 143.7883, 178.51184, 80.660561, 84.527466, 39.464939, 187.76285, 158.91782, 197.55247, 213.42609, 153.54623, 150.81108, 194.96561, 57.965164;
  138.2836, 93.260315, 79.543915, 101.41111, 52.684128, 165.67566, 67.138626, 74.899475, 170.45027, 59.756084, 150.83228, 54.375664, 71.275665, 149.64761, 77.3582, 88.920105, 104.00847, 130.16826, 119.25344, 60.787304, 50.514816, 73.989418, 128.04128, 39.795238, 159.32329, 162.96931, 65.439156, 84.343384, 113.60477, 53.01799, 90.771431, 63.278835;
  124.07476, 176.39232, 210.65468, 91.155212, 216.48701, 179.63155, 184.1093, 179.96405, 189.28374, 98.692421, 170.23389, 220.71022, 40.669991, 191.91954, 238.67177, 158.67177, 101.29014, 167.50836, 149.46635, 140.59665, 172.05304, 98.241722, 166.11855, 192.55821, 48.951939, 68.545036, 189.76254, 233.43005, 234.22926, 186.3261, 227.26735, 183.71129;
  178.59297, 179.03165, 215.88339, 188.75943, 179.28088, 176.49934, 111.81101, 208.10143, 184.51105, 125.80711, 175.6736, 202.92284, 64.817078, 215.05115, 226.78284, 127.78284, 108.21326, 197.61465, 179.0182, 151.74469, 184.44949, 97.653664, 170.10793, 181.22627, 198.85652, 192.47205, 211.77806, 226.38405, 211.09103, 202.69917, 209.26659, 124.78761;
  91.406494, 186.81966, 94.884216, 133.70346, 161.71095, 152.76968, 189.17743, 203.37109, 174.40401, 67.598915, 197.33902, 216.90004, 50.017078, 181.23824, 193.43982, 155.34402, 112.15411, 175.67139, 79.654724, 175.5406, 210.78635, 72.565178, 46.991669, 210.11205, 68.090378, 56.756351, 177.79259, 201.42732, 101.29154, 148.01958, 212.01874, 187.05582;
  70.677475, 80.722641, 80.464394, 61.954838, 89.588303, 53.732487, 148.14014, 78.109444, 68.675743, 138.33179, 86.056747, 204.44008, 133.95831, 38.415173, 152.43834, 111.77534, 68.689056, 77.011002, 46.408802, 177.28142, 158.1326, 150.97858, 66.15229, 71.00116, 56.390854, 44.921829, 122.23972, 124.92473, 73.195717, 146.86624, 71.857559, 151.42618;
  201.44191, 84.926247, 174.08728, 52.019669, 103.0633, 55.265518, 121.91026, 116.1137, 153.20836, 193.74985, 158.28334, 210.63368, 60.375538, 116.94284, 203.37984, 160.7941, 65.231102, 186.25446, 136.65826, 173.12477, 178.91579, 111.21143, 178.71788, 72.011673, 54.90596, 68.363243, 192.14566, 156.20775, 152.3485, 202.60909, 111.83958, 78.907188;
  196.54059, 85.553856, 140.66055, 84.582954, 62.703934, 54.896889, 78.208275, 91.226135, 147.5804, 186.8484, 156.96326, 97.41552, 110.62073, 66.667686, 155.5166, 142.67331, 48.015827, 181.94487, 117.58959, 104.85503, 157.3466, 135.7509, 189.58449, 32.489536, 152.77489, 189.28127, 107.31751, 56.368557, 116.8877, 196.89792, 88.750893, 53.652885;
  204.93689, 166.03844, 198.12871, 107.14704, 160.05255, 167.24577, 82.198524, 154.35402, 197.25072, 81.742249, 175.97003, 239.11073, 47.35931, 176.71898, 236.67137, 191.05466, 94.37236, 164.27222, 125.81207, 147.42419, 174.60156, 102.47814, 158.14493, 61.222145, 177.55183, 192.067, 223.84732, 232.25002, 238.97533, 190.55748, 230.76729, 59.135403;
  124.81201, 162.64236, 145.79813, 143.00943, 142.82887, 186.62154, 60.562504, 120.53423, 171.45239, 101.50199, 126.27035, 45.027283, 166.39732, 195.85864, 80.80159, 94.925598, 144.0005, 96.42411, 174.89188, 35.169147, 53.239586, 87.858139, 187.84128, 69.834328, 193.93503, 189.21083, 80.523811, 118.63592, 158.84921, 65.723717, 134.44594, 71.067963;
  50.729393, 78.952957, 34.385513, 139.33929, 95.009155, 60.113239, 183.82014, 84.050377, 46.698166, 153.90466, 80.650703, 159.74562, 207.50542, 58.52248, 34.69775, 168.73022, 211.98627, 92.551208, 139.79683, 220.75021, 113.55995, 148.18234, 41.842632, 217.60242, 49.526646, 68.671524, 147.40508, 125.32473, 14.751457, 62.643215, 51.095337, 191.09076;
  142.8734, 161.50117, 139.60652, 91.322151, 160.86916, 79.214928, 67.809166, 143.16533, 98.367027, 161.8923, 87.709023, 52.010864, 193.44354, 88.672646, 73.729805, 88.564476, 127.41048, 90.879074, 143.51772, 73.757675, 83.145485, 112.21256, 203.91496, 41.846008, 178.65045, 167.75247, 79.206421, 93.458191, 148.16202, 103.41805, 139.70193, 65.328766;
  75.73008, 159.28438, 81.066017, 124.82461, 207.58281, 93.497658, 175.25313, 164.95976, 68.714066, 180.67422, 86.130081, 35.466015, 203.35352, 100.30859, 36.530079, 154.95195, 174.06718, 95.651566, 149.07617, 115.94141, 127.25703, 169.78047, 108.80938, 220.58008, 67.505859, 80.662895, 65.058594, 74.314064, 65.462891, 95.586327, 140.68047, 179.85352;
  39.147362, 75.292152, 36.709312, 125.51723, 100.39223, 71.748535, 173.39149, 56.068916, 50.625366, 147.8761, 76.146629, 166.96518, 203.51466, 46.064518, 26.623167, 170.7093, 172.22287, 85.678886, 135.79472, 164.2742, 74.348244, 147.29216, 34.642227, 203.32112, 45.618401, 65.788857, 23.576979, 108.74523, 14.335044, 59.451248, 36.243767, 175.70052;
  94.557716, 61.171894, 46.003136, 37.420952, 45.016937, 87.097862, 55.113552, 41.006901, 104.1675, 45.658718, 59.159973, 86.611671, 66.806145, 46.319321, 71.476158, 78.940399, 50.248432, 48.03513, 54.181305, 72.729607, 44.163113, 64.816185, 69.27227, 30.136763, 59.585945, 54.737137, 54.836887, 64.104767, 84.326851, 37.489964, 61.849434, 47.195107;
  237.04964, 166.48497, 214.46085, 119.40005, 159.06964, 162.35866, 74.52533, 87.411301, 198.19887, 78.973213, 177.7625, 247.82225, 48.862873, 161.77391, 239.71191, 58.356689, 103.56638, 161.05762, 118.62622, 151.47647, 182.27426, 109.40125, 162.72969, 41.1525, 212.94797, 175.95964, 236.40701, 244.35652, 249.09737, 194.4593, 238.59892, 55.978878;
  154.62366, 170.93906, 189.84109, 192.7706, 162.52808, 199.93608, 108.08124, 183.60573, 173.6105, 101.78255, 174.70908, 60.610512, 76.955795, 217.15889, 111.03345, 120.29868, 168.27837, 191.04779, 205.66606, 94.986855, 98.37455, 95.971321, 177.17143, 179.79091, 194.21445, 201.908, 145.53882, 146.94504, 194.10214, 132.30884, 187.45041, 107.81959;
  201.40828, 66.998894, 213.37907, 114.37315, 142.29143, 130.13388, 81.336166, 123.43491, 191.17271, 201.83026, 172.79549, 215.39609, 47.859837, 180.56325, 220.71709, 77.178253, 68.5784, 185.36317, 121.6838, 120.63388, 161.24963, 101.875, 177.15643, 34.359097, 194.81398, 181.19749, 194.37131, 198.29956, 222.98521, 210.24298, 137.94601, 77.690086;
  46.077942, 53.118629, 140.55846, 123.57045, 165.0925, 114.92462, 168.22655, 57.452675, 68.68351, 169.59442, 78.19529, 29.997429, 191.64111, 78.177727, 41.547321, 150.81883, 161.5092, 74.729332, 141.66209, 74.279655, 43.232548, 175.85182, 102.28265, 194.28564, 48.497215, 75.731903, 57.013275, 50.53019, 143.6107, 95.859528, 63.862953, 172.2608;
  142.78694, 123.67102, 211.35979, 76.253784, 186.18956, 102.68042, 170.27155, 191.21097, 162.09399, 218.63342, 167.22716, 202.68094, 53.167103, 191.67311, 221.99164, 108.99321, 79.107048, 197.05743, 116.11488, 162.35509, 173.90913, 105.80627, 187.87572, 94.168671, 70.442299, 67.090858, 190.30809, 190.26318, 211.1295, 213.63655, 153.55562, 171.49399;
  115.50581, 108.06239, 76.667274, 170.36636, 59.192657, 192.92722, 87.453819, 66.418961, 168.29968, 54.988377, 109.71743, 37.866665, 167.84404, 158.68745, 53.069725, 154.78777, 166.59082, 75.218956, 180.03058, 57.016514, 61.091743, 111.66238, 98.034859, 175.78287, 158.64159, 185.01834, 68.309479, 70.475838, 64.415291, 41.056881, 80.954124, 82.850761;
  151.13443, 95.049774, 202.5054, 85.432022, 99.500259, 177.40483, 167.54901, 98.223198, 182.9841, 107.98153, 160.99129, 202.41612, 35.29092, 168.2001, 225.82196, 148.81631, 95.622887, 158.55106, 160.89124, 132.62546, 140.93433, 91.444336, 154.73064, 155.70499, 48.382763, 68.394051, 183.0898, 198.73372, 208.76347, 154.37045, 116.67574, 160.78964;
  120.56523, 73.790985, 40.878414, 137.2032, 44.726433, 80.692619, 116.2196, 69.880119, 59.054985, 154.42896, 69.468239, 27.710382, 204.9351, 58.531761, 14.084016, 167.89856, 157.83231, 83.839134, 156.30293, 104.20321, 81.485992, 155.80771, 71.796791, 194.26126, 121.21653, 78.565231, 56.713112, 23.518784, 11.77698, 67.252388, 28.202868, 48.75444;
  167.25359, 206.42584, 88.575226, 101.66879, 91.022858, 153.05954, 77.441254, 201.42796, 179.63849, 84.546516, 165.87506, 69.031364, 76.960129, 178.43274, 137.60393, 86.906433, 73.349815, 180.11111, 112.17916, 87.337585, 134.25571, 77.459328, 175.1983, 56.324825, 188.09303, 175.49016, 74.200958, 104.37586, 107.17384, 122.2068, 140.86443, 76.996811;
  112.39406, 135.54196, 152.47287, 102.85107, 96.872055, 165.90327, 65.452919, 126.72927, 161.78352, 68.000511, 159.32088, 208.48055, 56.012283, 161.93449, 188.95854, 91.726715, 60.429375, 158.37001, 127.84084, 97.960083, 87.732346, 74.442169, 119.95496, 48.316273, 173.7917, 164.98259, 88.224152, 186.88229, 182.76407, 146.38332, 105.01279, 78.444725;
  57.605751, 77.244919, 67.775383, 137.97293, 106.81218, 54.298645, 181.0571, 83.521996, 62.775803, 152.2005, 88.122246, 202.8587, 192.28215, 53.675125, 166.5956, 182.39975, 164.71024, 74.946701, 112.33248, 215.31767, 190.23984, 152.30161, 52.014805, 212.85533, 44.297798, 64.110405, 152.27411, 136.95474, 33.357868, 118.36082, 67.890442, 189.78003;
  66.744125, 74.28936, 40.031887, 144.38661, 78.522125, 74.567955, 177.45636, 69.427658, 57.406139, 109.75807, 81.46991, 34.040257, 193.80591, 57.934635, 38.090076, 165.92427, 202.21085, 77.342369, 116.71024, 198.87885, 96.395378, 154.08809, 66.726982, 206.96294, 53.693901, 71.178558, 151.98566, 31.053806, 22.718214, 61.377842, 72.353928, 159.3615;
  104.3015, 90.339058, 107.16577, 115.21835, 107.44367, 49.388947, 194.68884, 158.30258, 72.108368, 172.47855, 146.04024, 188.97479, 84.712982, 73.927574, 172.07939, 143.01234, 112.48873, 190.86052, 73.037552, 222.68401, 196.45226, 159.92703, 77.200645, 176.59549, 68.714592, 72.636803, 164.96298, 127.36642, 88.387337, 188.48927, 111.16524, 182.29881;
  161.48738, 99.611183, 158.16046, 52.441708, 111.54388, 99.89003, 119.04087, 122.94411, 144.4357, 172.21695, 132.94171, 87.340149, 57.159256, 151.57092, 94.074524, 113.16888, 113.37501, 167.82693, 172.97417, 120.85277, 89.107574, 103.43871, 177.89844, 98.034859, 61.846756, 58.58654, 114.61238, 87.433296, 141.19711, 87.828728, 96.530655, 115.50722;
  81.799995, 70.931267, 195.83299, 90.008247, 181.18625, 76.988998, 184.5567, 101.55807, 84.525772, 189.1725, 93.749138, 201.45842, 102.79588, 83.833672, 193.49896, 147.98145, 90.337456, 117.79794, 101.64398, 168.82268, 164.07422, 170.22198, 117.12165, 168.26872, 49.661167, 62.099655, 172.89072, 161.78763, 183.07628, 209.47972, 134.37595, 181.99518;
  144.91422, 138.62062, 113.89861, 192.13649, 87.591087, 157.20947, 83.811699, 150.34653, 165.74429, 47.487465, 171.68524, 81.39666, 73.230644, 172.48413, 109.29972, 84.2351, 101.75209, 176.0312, 80.988861, 154.5493, 95.223961, 85.949303, 88.395546, 65.472984, 205.23288, 182.48413, 186.99277, 91.953209, 126.0936, 142.58051, 162.2234, 72.45237;
  115.44408, 158.46973, 150.59738, 59.92635, 174.36061, 195.74033, 140.66449, 150.55264, 179.55319, 81.980362, 140.61539, 63.241135, 47.256958, 188.79433, 111.19422, 130.97437, 125.33115, 123.20349, 162.74905, 51.88707, 70.079109, 91.05619, 170.77797, 113.28642, 54.691219, 77.852699, 76.784508, 119.23241, 197.38516, 62.066013, 183.06383, 147.994;
  101.60613, 95.285797, 119.98942, 64.503067, 142.80669, 70.885796, 179.00111, 112.61059, 104.99889, 182.5443, 100.76714, 82.17215, 161.91588, 67.254044, 155.03732, 121.96323, 80.749306, 92.821732, 55.737049, 96.191086, 180.49918, 173.62897, 144.95877, 78.112534, 58.461842, 82.442345, 87.627861, 66.281342, 128.26964, 175.25459, 123.10808, 161.478;
  206.3894, 82.727226, 188.43567, 102.46458, 50.430843, 135.88193, 71.405785, 79.739761, 195.06361, 86.023613, 164.66217, 134.43085, 44.343613, 149.77687, 201.61397, 89.226509, 45.287712, 153.46651, 108.64674, 53.722408, 108.21012, 95.098793, 173.20915, 22.054459, 178.68481, 171.60434, 135.31615, 105.24482, 200.56337, 170.73543, 114.89735, 47.406265;
  199.8309, 173.87665, 209.09082, 106.99017, 165.34666, 168.70924, 75.773636, 172.27144, 196.5405, 107.33616, 176.08066, 219.5815, 49.415451, 186.11047, 225.42358, 75.39444, 56.624195, 168.38326, 121.01593, 47.859371, 170.50288, 101.98407, 174.38969, 42.576416, 197.05795, 181.23178, 103.98746, 226.48662, 231.9895, 189.74382, 196.00441, 77.408676;
  114.36354, 163.48335, 99.500771, 77.154121, 95.242195, 144.92781, 166.58679, 150.75781, 172.27342, 71.398872, 178.55043, 218.617, 50.507935, 156.84998, 208.40656, 86.281616, 92.821297, 159.79724, 55.010242, 165.06554, 184.64926, 77.69944, 80.583206, 61.358936, 66.757294, 51.472607, 175.93497, 199.37584, 134.38556, 143.7916, 163.19048, 166.7747;
  88.105888, 104.19231, 62.41975, 67.381767, 116.17806, 71.677589, 143.20038, 128.22745, 80.24691, 174.27161, 87.811012, 39.207027, 194.17189, 71.501419, 31.075024, 76.153366, 140.34045, 90.064102, 66.487656, 107.87321, 100.48148, 173.45821, 112.52326, 75.026115, 79.225067, 82.957741, 50.459637, 30.824785, 66.613487, 83.297241, 66.207977, 151.36989;
  78.354012, 66.626068, 158.90723, 137.80022, 161.27034, 89.357994, 173.23961, 78.233353, 62.273762, 178.90324, 76.352303, 149.61298, 179.89357, 86.630615, 68.578827, 151.89357, 180.09959, 86.133751, 159.1218, 166.17302, 86.083664, 171.81787, 116.498, 200.58679, 55.333523, 70.639153, 144.40295, 137.90381, 124.30222, 103.42914, 83.206032, 171.42117;
  95.780586, 160.0522, 155.26544, 130.032, 174.09766, 187.3008, 158.99664, 143.34175, 144.96185, 129.33951, 72.787323, 47.455669, 168.10158, 197.50507, 88.510101, 125.43547, 159.84344, 73.158249, 193.44446, 52.928734, 72.756454, 98.728401, 187.23514, 205.91751, 76.019646, 74.772728, 86.726715, 128.0219, 150.1156, 70.189674, 123.6605, 173.24243;
  133.72427, 81.236725, 97.505959, 56.140305, 55.174431, 125.32286, 79.471291, 88.577461, 168.80173, 46.894909, 142.96587, 192.73511, 37.827194, 122.77194, 187.93933, 89.897072, 62.450161, 142.9415, 72.742142, 136.3857, 96.681473, 56.594257, 81.087219, 33.930119, 75.394363, 68.982666, 149.81419, 127.34832, 137.4117, 125.29469, 120.31311, 47.837486;
  42.002136, 180.07336, 38.239674, 134.5876, 130.76175, 145.49109, 171.08867, 120.51531, 62.605412, 42.62785, 81.060539, 27.664173, 201.19231, 75.25605, 33.731125, 161.86147, 178.1517, 66.206909, 133.63533, 97.452637, 92.876427, 149.57372, 66.263535, 224.56766, 58.492878, 72.310539, 41.864315, 57.05164, 29.347221, 36.562321, 130.11752, 176.92949;
  95.440857, 69.204956, 99.502754, 195.83701, 88.973869, 98.598351, 175.83356, 110.61348, 88.681572, 92.204956, 177.12585, 49.240028, 102.94842, 88.235901, 70.84594, 114.30399, 163.92572, 169.91678, 78.456673, 179.99106, 104.60729, 161.05365, 75.917473, 177.45049, 139.89958, 184.62036, 152.74004, 53.61417, 91.718704, 130.04608, 126.34663, 139.63136;
  172.32466, 92.471184, 83.311157, 118.11096, 46.264404, 75.340462, 61.168255, 92.885406, 77.536713, 170.61475, 74.284157, 34.453079, 208.2048, 67.051361, 22.487652, 116.17846, 142.82449, 90.671387, 175.67697, 98.751068, 87.154099, 170.73625, 168.34145, 61.323673, 192.06519, 195.9743, 70.922951, 30.161013, 23.038853, 78.551201, 31.066841, 54.181427;
  70.595322, 93.695236, 52.428505, 80.751602, 115.1219, 68.032539, 174.57974, 88.847389, 67.534828, 189.92484, 85.708984, 152.84875, 198.03758, 55.337303, 106.87947, 164.03484, 159.2791, 72.91613, 133.83363, 110.17873, 191.47662, 157.05728, 86.254356, 195.93996, 47.188816, 69.522911, 46.314388, 130.10358, 42.076992, 78.220436, 42.902382, 184.15215;
  160.61954, 85.258499, 89.99514, 123.82137, 54.085266, 68.102539, 77.132217, 104.43011, 95.38208, 145.14787, 165.84836, 54.872639, 122.72747, 72.937401, 41.53157, 87.70858, 86.48732, 191.44576, 98.652992, 135.03778, 84.225578, 140.1673, 130.22989, 34.979492, 199.03238, 187.49271, 100.87479, 41.104156, 88.790611, 139.60497, 80.718834, 56.930923;
  64.747337, 71.465088, 97.344971, 116.33432, 98.352074, 179.17989, 163.70769, 55.684616, 113.20592, 71.479881, 79.400002, 156.01538, 115.1858, 113.72958, 145.93373, 137.94734, 146.36746, 46.990532, 129.90355, 88.221893, 95.359169, 113.82958, 71.188759, 188.01361, 40.745564, 60.416569, 93.004143, 165.79704, 113.50947, 61.365681, 70.100594, 176.62958;
  125.42339, 55.415546, 154.07809, 114.14387, 94.307922, 96.384903, 63.874065, 41.155083, 89.378548, 172.09529, 74.478699, 43.187592, 191.81764, 74.452538, 59.852764, 98.382286, 135.15097, 77.139015, 162.00336, 61.829971, 37.703663, 150.44955, 186.44656, 44.503738, 171.32213, 182.82399, 77.154709, 55.119957, 149.48019, 101.32511, 48.174141, 59.282887;
  201.8718, 116.13215, 174.29636, 119.97141, 59.038464, 76.650887, 79.020218, 161.02614, 178.36046, 178.75641, 167.32101, 194.2076, 75.652367, 174.70415, 197.64546, 106.84763, 76.03698, 208.09764, 129.52318, 179.29092, 175.41322, 94.820511, 176.64398, 54.376232, 193.81017, 182.54488, 190.20218, 150.08531, 112.03699, 196.83975, 96.141518, 70.04882;
  201.69881, 173.37059, 212.97411, 122.75426, 154.08362, 174.88168, 76.899033, 189.44226, 203.87115, 103.57337, 176.91695, 87.81115, 49.575935, 201.51051, 223.63168, 77.209892, 66.649315, 169.2133, 114.99345, 71.668938, 171.42462, 104.98009, 206.9926, 45.617744, 204.60495, 186.62968, 186.98947, 143.33873, 234.57336, 194.04465, 211.27673, 65.705917;
  163.28836, 76.367058, 116.39087, 125.10119, 75.636238, 52.046295, 128.40741, 81.998672, 93.51918, 180.27843, 104.97089, 198.50131, 158.35515, 63.949074, 151.14351, 189.38161, 111.10449, 127.96759, 152.0033, 199.50131, 188.54761, 159.06415, 96.111107, 189.46825, 103.33994, 98.639549, 185.58134, 134.94377, 59.714283, 177.24007, 71.77182, 76.796959;
  75.287361, 125.007, 59.636684, 151.35933, 85.449776, 185.38431, 170.13094, 133.50426, 138.50775, 54.646679, 117.08746, 87.493759, 100.49876, 179.73164, 66.531235, 145.31784, 195.76712, 100.95553, 134.13144, 165.52675, 87.633682, 115.72714, 47.861572, 219.05247, 69.200401, 65.206398, 133.33983, 94.290359, 50.523739, 36.155922, 104.14643, 174.75462;
  198.63255, 159.31038, 193.91968, 84.590691, 182.17239, 162.62511, 96.472862, 130.60558, 197.96155, 78.499535, 175.85519, 237.52248, 42.573021, 164.45984, 238.02914, 128.30821, 91.662323, 160.51845, 111.0831, 145.08899, 170.66325, 103.37798, 160.07906, 52.948215, 47.174881, 121.00837, 218.70294, 230.82913, 242.95844, 185.77705, 226.89891, 68.50325;
  92.421547, 150.15108, 142.6376, 210.1759, 159.96829, 169.28632, 152.26518, 162.32698, 162.13681, 75.340729, 187.28209, 193.38139, 58.359745, 182.27258, 200.6001, 70.222923, 114.63074, 173.07289, 86.782356, 156.6635, 169.82144, 80.257263, 72.695717, 163.28419, 188.46539, 176.07079, 182.64342, 212.35393, 170.63074, 169.65715, 194.22133, 182.22081;
  95.090088, 151.53214, 139.99841, 157.48314, 162.55005, 199.3493, 162.87723, 137.3609, 144.92307, 60.614857, 156.66911, 130.35353, 44.660168, 184.99472, 112.57059, 114.16332, 175.78661, 154.33667, 159.51791, 147.61906, 78.646996, 67.889885, 95.134872, 208.42676, 77.269753, 60.791355, 167.65543, 178.44414, 159.1591, 54.593254, 174.88251, 179.14383;
  167.95082, 78.648521, 155.91869, 176.55148, 82.28656, 119.25574, 86.609177, 98.129181, 146.3423, 152.85378, 155.04262, 98.069511, 117.71475, 170.84, 88.565903, 141.89246, 162.56459, 180.71606, 205.84525, 144.89377, 76.191475, 94.091148, 171.40918, 160.55409, 179.76721, 188.91672, 157.6118, 116.43607, 112.43803, 112.92328, 77.912132, 78.925903;
  132.31442, 89.093666, 54.378548, 162.99417, 53.694908, 66.452782, 102.00855, 77.945976, 64.470268, 125.09017, 84.008942, 156.48737, 203.77342, 60.694908, 32.845707, 124.80762, 188.82356, 93.331131, 157.24059, 198.10571, 95.680145, 153.50214, 53.850368, 189.45822, 183.04004, 113.40459, 134.88263, 119.82977, 21.396814, 70.395645, 61.06646, 78.653717;
  135.09814, 112.76826, 103.82061, 190.98254, 66.670662, 152.07414, 96.458008, 135.39912, 156.07033, 70.214279, 184.74808, 199.7061, 67.58342, 160.81352, 168.36205, 155.1423, 114.61668, 181.03543, 131.6783, 174.70337, 159.4651, 93.8964, 58.009266, 182.56924, 185.34023, 178.77589, 179.58232, 165.23773, 84.635223, 157.7699, 112.30424, 86.280258;
  195.93872, 177.25342, 117.12671, 91.939911, 127.34563, 137.43307, 117.83521, 177.80904, 175.47234, 92.193932, 159.63354, 202.2308, 59.907791, 166.65378, 203.23914, 177.84592, 95.991669, 170.75252, 175.185, 157.15228, 196.62224, 75.793571, 137.41344, 172.24033, 80.208206, 95.943481, 173.82629, 188.45984, 109.51041, 153.61333, 177.00714, 89.911362;
  79.333328, 143.15227, 105.16591, 184.7303, 165.1053, 99.430298, 158.28181, 154.18788, 75.317421, 148.91591, 99.584846, 126.45682, 195.18712, 96.437874, 120.58712, 87.984085, 164.67953, 98.305298, 110.68409, 140.00757, 184.0947, 141.50529, 95.987122, 187.49924, 175.33939, 156.22044, 133.83484, 162.76212, 82.448479, 159.67575, 133.73409, 169.10378;
  101.28949, 182.0274, 108.27155, 100.82213, 206.9731, 154.6308, 148.54111, 210.46837, 189.96962, 80.143005, 189.3159, 230.90085, 49.173393, 176.81366, 227.40659, 77.584953, 98.138519, 167.44096, 67.09816, 155.4305, 191.98506, 75.076736, 74.535133, 62.848534, 107.6861, 144.43747, 178.52019, 235.09567, 209.63429, 159.84305, 231.76881, 181.13902;
  34.358883, 148.8918, 87.022545, 148.56538, 195.51624, 201.73941, 172.75429, 113.51533, 87.001808, 50.893147, 85.431923, 46.616322, 162.64427, 138.70244, 65.283592, 133.3972, 186.5266, 49.369701, 129.51038, 67.633904, 62.12624, 135.2872, 64.791252, 217.70064, 64.576195, 75.882324, 71.34716, 112.83453, 146.54057, 48.456718, 161.04373, 184.69568;
  127.95317, 108.80665, 148.47533, 167.43353, 151.47482, 100.09215, 90.448639, 127.99799, 82.665657, 174.09517, 72.598694, 40.349949, 202.81721, 100.10977, 39.773918, 147.82578, 157.6707, 97.798592, 193.3011, 86.551865, 76.844917, 172.55237, 164.90785, 190.43001, 182.11581, 174.929, 81.776436, 61.518631, 102.73414, 109.38469, 87.236153, 78.461731;
  88.406471, 175.11261, 68.818771, 195.79288, 118.14563, 192.21487, 119.03624, 180.83754, 147.96504, 48.106148, 176.22523, 40.775402, 93.077667, 197.28737, 69.524269, 97.622002, 193.57281, 159.1767, 133.56439, 113.3055, 84.555984, 70.447243, 81.308731, 179.13074, 189.11067, 190.53656, 98.139801, 109.55275, 95.282196, 55.067959, 147.67831, 144.33139;
  44.768169, 57.300552, 29.879147, 50.958138, 65.616905, 61.237362, 131.30331, 34.947868, 58.276066, 108.29186, 72.300949, 43.859402, 178.60901, 28.146524, 23.538309, 113.55293, 132.42773, 47.362953, 76.009483, 94.164299, 53.727882, 149.45064, 65.631119, 68.310822, 42.769352, 50.625988, 33.682861, 23.767773, 35.022118, 43.904819, 32.246445, 109.05174;
  122.66109, 159.3159, 90.067642, 157.06555, 128.59206, 142.96443, 86.833336, 111.76499, 129.89609, 75.253838, 90.352165, 173.46443, 161.29498, 130.27406, 102.77476, 122.96304, 153.8703, 65.669456, 176.17503, 104.02859, 97.811714, 73.467918, 114.32288, 159.96304, 174.52859, 111.93166, 120.79498, 202.20851, 95.147835, 55.075314, 121.1576, 85.751045;
  181.25299, 87.284332, 196.0894, 118.74055, 114.96083, 107.48986, 74.150696, 125.34747, 174.90645, 189.75069, 161.4659, 60.435486, 85.680649, 177.52489, 103.64424, 72.272812, 60.976036, 198.92766, 131.94839, 67.853455, 67.760834, 98.821198, 203.06682, 27.187098, 202.10092, 191.29401, 114.81982, 83.20369, 194.71613, 190.7189, 104.77466, 63.157604;
  105.37563, 168.81471, 208.3085, 91.840004, 203.6561, 190.08185, 139.27173, 183.83035, 189.89241, 108.77977, 174.49196, 89.971497, 45.148506, 195.97931, 222.05748, 112.71034, 64.70575, 160.19632, 95.477242, 52.864368, 154.25104, 98.42437, 207.54988, 66.995399, 76.324135, 142.41609, 126.10299, 142.32919, 238.74391, 182.47586, 201.04597, 174.35173;
  143.86899, 81.939926, 104.50743, 140.79404, 65.882721, 52.818649, 92.67334, 117.70823, 95.248848, 134.36385, 175.68993, 192.85925, 98.077225, 63.045765, 155.02516, 107.04519, 95.893013, 187.03546, 72.288895, 207.48055, 174.90274, 149.08409, 71.724823, 59.055489, 188.60696, 183.21338, 172.79404, 124.53546, 92.469673, 183.9279, 98.771164, 85.271736]