Name:Quiznos
Detect:1
Describe:3
Size:100
Length:32
[40.814255, 70.726936, 41.096264, 137.03394, 89.167847, 142.63652, 169.48441, 39.226162, 62.167229, 35.969761, 79.852509, 29.254549, 192.99011, 54.705952, 30.882751, 163.31532, 175.77538, 49.95927, 131.42424, 85.304222, 58.788334, 150.60721, 59.387222, 209.30885, 50.002159, 74.870407, 40.762417, 46.509102, 38.078369, 36.935513, 55.870098, 173.68065;
  160.69035, 193.24638, 53.517338, 120.66577, 105.16325, 84.258163, 64.926292, 147.61327, 84.326492, 100.12286, 82.833054, 59.626392, 199.23898, 73.118484, 48.126896, 123.83878, 147.759, 80.810501, 160.40054, 99.25985, 103.31606, 98.647934, 153.17065, 83.387749, 184.87177, 175.78258, 71.712891, 86.269272, 49.047123, 58.252106, 116.26288, 59.839451;
  158.64967, 161.41992, 191.22702, 121.75957, 150.42026, 183.08716, 77.629349, 166.01585, 182.32347, 100.175, 166.79504, 52.440235, 57.729591, 196.9511, 110.49776, 59.288326, 74.037552, 176.2401, 122.21151, 59.826389, 57.724426, 93.325188, 190.34035, 41.449535, 207.15605, 182.66553, 104.53325, 115.79504, 216.61592, 151.94006, 183.18912, 71.522568;
  92.942314, 93.725006, 47.881073, 150.36823, 54.216118, 145.73607, 75.909523, 52.438164, 102.66219, 42.348083, 104.65468, 54.694584, 188.87514, 73.367439, 36.935204, 112.68866, 148.43065, 55.309361, 108.17976, 71.302246, 63.266689, 137.22006, 64.830498, 71.314896, 180.14342, 184.67444, 63.712761, 54.725403, 67.825363, 48.83366, 77.298691, 69.283287;
  99.908195, 100.6368, 62.045902, 51.158108, 107.79272, 82.919128, 177.69946, 98.248451, 108.38033, 181.68816, 91.724953, 69.20874, 184.4623, 61.025139, 90.081238, 161.88452, 154.00729, 73.871407, 117.5337, 107.62733, 194.25246, 179.26157, 100.3388, 180.23061, 48.567215, 69.834976, 53.045174, 51.788708, 74.737343, 79.157745, 87.124954, 166.89946;
  140.53392, 77.129822, 46.702042, 158.53488, 47.269066, 58.411228, 104.01168, 68.68322, 62.04998, 138.93184, 82.356377, 157.50049, 207.1376, 57.509247, 32.476791, 129.45082, 186.31158, 94.634209, 159.79681, 197.04706, 99.547218, 156.50859, 62.055176, 186.2444, 172.41934, 105.52158, 142.22362, 120.30087, 18.044142, 71.776047, 47.111, 76.751701;
  79.824608, 166.71037, 208.16661, 79.16169, 219.02496, 168.81934, 189.67874, 158.16591, 187.41722, 93.633743, 177.25133, 233.19684, 43.899124, 174.65483, 240.84605, 144.57399, 94.321617, 162.23972, 76.210899, 145.68823, 162.34447, 90.899475, 163.40422, 90.897018, 43.783833, 52.118454, 180.39262, 236.08542, 244.63867, 188.87593, 228.27066, 186.95747;
  144.4771, 67.897942, 156.44536, 132.22394, 85.66246, 128.12549, 71.008652, 62.756943, 176.83015, 159.99243, 129.36748, 59.4533, 170.50883, 182.43059, 79.527588, 119.82221, 147.5842, 122.58817, 175.57123, 58.611973, 53.642986, 100.73351, 179.60657, 69.621346, 173.61305, 187.87523, 98.770645, 76.549225, 142.01984, 96.671478, 63.072845, 63.186802;
  39.959099, 129.66679, 51.862484, 129.42242, 212.9799, 94.225319, 170.08287, 146.12131, 62.318409, 179.96016, 81.098732, 34.904091, 204.93372, 83.431946, 27.154444, 157.49225, 167.33075, 92.174896, 140.62976, 118.00212, 103.70134, 159.22145, 82.285614, 215.21545, 63.91996, 74.537735, 41.861778, 65.92807, 38.961567, 78.339569, 115.2359, 186.03951;
  228.3428, 167.50841, 214.90596, 119.86777, 160.91756, 161.58508, 74.30864, 87.507614, 197.8333, 81.145721, 178.10406, 248.68427, 49.06501, 162.66714, 239.75803, 58.616806, 104.54169, 161.00331, 119.04079, 151.81956, 181.39021, 109.22035, 164.07739, 40.739094, 212.78438, 175.6662, 236.65428, 245.10059, 249.76489, 195.22911, 238.54059, 56.191006;
  76.768768, 180.88565, 60.918892, 169.66046, 110.2136, 181.41008, 135.25592, 162.95567, 117.43124, 70.197479, 91.779343, 71.981865, 169.8524, 171.84483, 78.224182, 68.617126, 172.88412, 63.986397, 126.69672, 99.244835, 84.981361, 64.805542, 94.415115, 176.80856, 164.38287, 86.87809, 84.685646, 149.70932, 67.52494, 37.847355, 98.100754, 167.24535;
  112.41143, 163.27249, 199.49321, 87.936073, 201.78928, 176.72357, 129.17464, 176.10715, 181.82964, 122.31571, 162.32643, 95.222496, 46.307144, 189.62857, 215.78821, 116.835, 58.131069, 158.73714, 93.409645, 54.276428, 150.22643, 95.223213, 195.74963, 57.825714, 73.274284, 138.40108, 102.71393, 134.28571, 228.77107, 182.74249, 195.6875, 162.81071;
  155.91858, 139.26367, 82.721207, 108.20667, 52.962002, 170.96432, 70.173325, 127.31252, 172.15936, 67.789452, 164.18108, 61.948818, 75.098099, 163.91005, 86.537033, 90.875145, 99.676231, 165.2435, 128.64056, 84.955025, 77.098099, 72.303993, 133.08801, 52.696007, 189.15277, 184.66344, 60.272976, 84.211319, 110.59403, 82.800308, 92.581619, 69.891434;
  69.695717, 72.360336, 37.038235, 49.871353, 75.032074, 75.151649, 132.06804, 49.993195, 70.206093, 119.02397, 80.767006, 43.941345, 180.25177, 41.329552, 27.238495, 115.01588, 138.72034, 57.42255, 86.283211, 97.281265, 66.073235, 151.55606, 82.315941, 69.752426, 52.295525, 59.58749, 37.990601, 30.692158, 49.488007, 50.196693, 46.988655, 122.41056;
  106.82375, 61.619148, 144.5266, 157.57623, 133.84042, 83.754608, 92.014183, 61.785458, 69.190781, 166.25992, 73.3078, 156.56702, 187.46631, 81.342903, 60.367374, 131.59396, 165.85851, 95.147163, 177.31241, 145.828, 55.17411, 160.76134, 120.81418, 168.12198, 160.68439, 111.2312, 131.8844, 145.95886, 128.84894, 105.73688, 71.53688, 87.460632;
  220.62216, 177.03435, 222.4707, 122.07715, 167.29587, 162.70892, 76.03981, 217.05684, 200.85806, 85.852898, 179.40381, 247.674, 49.096222, 186.26559, 239.89803, 58.339397, 104.10576, 164.32346, 120.39056, 151.51117, 182.15329, 108.5662, 168.60579, 48.229782, 213.72989, 187.15103, 236.5916, 245.03421, 248.91571, 197.26341, 236.96913, 69.028168;
  74.932724, 165.34589, 62.378429, 117.32542, 141.59854, 126.04388, 130.09142, 141.09653, 84.993423, 88.799271, 97.686661, 44.298721, 170.14992, 72.561607, 46.460331, 60.925049, 140.049, 67.293602, 61.82523, 87.944794, 95.275688, 160.15906, 85.398903, 69.888481, 153.02524, 156.049, 55.489216, 73.806946, 110.57185, 68.255943, 151.00513, 154.47093;
  56.684349, 71.41674, 41.839077, 148.76746, 76.322723, 80.203354, 179.26761, 71.50103, 56.74123, 122.75832, 81.436188, 30.07427, 204.96992, 65.4356, 34.493073, 169.31152, 206.57648, 84.583549, 127.07338, 206.45505, 89.672852, 152.43973, 66.911285, 212.97847, 55.128204, 73.580307, 152.75626, 38.210728, 23.045977, 63.771881, 65.119362, 170.90097;
  94.615379, 80.846153, 187.63388, 98.131142, 146.56242, 97.21479, 107.01261, 119.91761, 88.777634, 159.48465, 131.56494, 74.357712, 77.568726, 108.3203, 101.73686, 79.767128, 79.714165, 182.37074, 85.675491, 124.19378, 67.972679, 159.70239, 148.08322, 58.625893, 119.36401, 163.95796, 83.261871, 65.974358, 193.98738, 190.73392, 111.58344, 139.33333;
  90.292473, 91.407463, 56.559162, 183.35983, 65.471176, 93.230278, 86.785805, 92.285194, 61.814018, 136.56129, 82.943268, 28.13653, 208.27002, 70.363777, 20.905643, 131.75122, 173.12865, 91.047935, 148.7682, 115.64563, 81.350426, 152.9281, 79.356194, 205.9903, 192.72391, 210.15321, 53.170815, 34.700245, 23.727245, 70.486046, 46.728458, 99.456009;
  193.74071, 171.85365, 210.23299, 124.66336, 152.99196, 176.92172, 78.19709, 182.91275, 201.89264, 92.598083, 176.47772, 87.189354, 49.869122, 197.17606, 220.33354, 79.910889, 69.369736, 166.92976, 113.97834, 76.123451, 165.00154, 103.1513, 202.82332, 48.824875, 200.85242, 185.95668, 186.23422, 144.20514, 231.5529, 191.19833, 212.48886, 65.914909;
  90.787888, 121.15076, 81.031273, 150.58099, 118.74258, 80.594627, 171.65477, 149.35605, 57.490776, 181.03047, 88.444267, 128.43184, 184.40497, 82.973137, 66.527664, 61.430634, 175.50401, 99.735367, 110.39615, 194.9198, 150.57057, 160.01404, 98.07338, 188.19608, 119.45589, 60.464714, 145.1628, 140.48276, 51.469929, 91.738976, 72.817558, 198.93825;
  168.77391, 89.288361, 142.23059, 89.672836, 101.49052, 96.486916, 134.59521, 115.21976, 136.53249, 163.49864, 153.08844, 78.113266, 81.025269, 142.10333, 88.055054, 168.35875, 148.87996, 195.88943, 163.72563, 180.03249, 115.83619, 124.81272, 160.07896, 171.90523, 66.201263, 91.584389, 143.54016, 67.316338, 102.22337, 110.04061, 110.04738, 111.15569;
  62.470367, 128.70908, 159.45876, 118.82884, 161.22543, 199.69333, 160.48445, 106.29507, 131.76378, 108.39121, 82.392868, 49.996685, 143.66597, 195.01657, 96.917114, 144.40572, 164.84583, 68.135925, 166.8421, 50.49316, 53.984249, 106.91711, 160.3046, 200.03065, 52.584332, 74.548691, 65.509735, 109.74015, 161.5031, 68.680893, 116.53874, 175.42477;
  77.59211, 132.65921, 99.559654, 183.29649, 136.22894, 178.12939, 87.817543, 97.032021, 119.87939, 62.292107, 93.819298, 54.464035, 177.62631, 132.14912, 60.63509, 168.36447, 170.46799, 67.152191, 163.02895, 61.55307, 58.92807, 120.84079, 91.521492, 190.79036, 164.32324, 199.13509, 71.072372, 90.427193, 124.75877, 64.289474, 130.9807, 81.744736;
  135.82008, 86.674782, 206.90263, 104.74857, 160.89731, 96.570183, 170.43211, 150.15823, 148.44162, 194.08255, 151.82352, 193.30431, 61.539371, 182.77748, 212.83873, 154.45531, 102.59833, 193.97337, 133.60023, 182.25333, 165.09509, 121.89464, 164.81705, 176.70522, 60.421455, 73.119057, 190.54356, 168.19742, 178.93192, 208.59756, 133.33777, 165.01712;
  115.86473, 81.284645, 98.321579, 92.975517, 91.091286, 82.939835, 109.88838, 81.67469, 116.48838, 130.43735, 111.04108, 86.280914, 163.3112, 58.826557, 130.1942, 179.24481, 74.91452, 96.893364, 85.624069, 95.778839, 136.17967, 174.46349, 99.980499, 75.162239, 96.543983, 187.21037, 75.564728, 40.934025, 109.18755, 179.9859, 103.37926, 90.917015;
  187.60628, 170.81134, 205.38892, 107.84142, 162.10765, 170.257, 76.676689, 169.77203, 191.69479, 97.394394, 172.55673, 218.99998, 50.276142, 184.46034, 221.1866, 76.898491, 56.356457, 165.73068, 123.1702, 44.379696, 159.14729, 99.070396, 171.66028, 43.593983, 198.98804, 177.73376, 99.414558, 217.72795, 228.21017, 184.92789, 186.703, 71.605606;
  70.507462, 78.037964, 102.15051, 138.76373, 102.58915, 63.78373, 177.02406, 92.934235, 66.373558, 124.67187, 97.741699, 201.96237, 143.42543, 51.192204, 168.27559, 170.13051, 108.20271, 95.74678, 92.17627, 208.39661, 178.12848, 156.36713, 56.94339, 207.57051, 54.899323, 68.307457, 166.28543, 134.33932, 63.932205, 179.97661, 89.4739, 180.25288;
  42.579033, 160.95851, 51.524551, 102.34622, 188.64493, 183.01363, 170.61198, 109.29205, 80.421921, 62.240105, 87.619896, 46.848591, 171.46658, 76.710487, 55.65062, 144.67628, 172.29776, 43.409885, 127.36301, 71.181503, 92.10675, 152.97847, 69.391197, 208.65601, 54.800129, 62.43079, 42.952171, 97.82357, 112.58315, 36.415585, 164.57492, 178.121;
  173.26671, 175.84062, 207.59521, 203.76869, 178.28081, 180.21936, 121.82001, 201.80627, 184.48788, 116.44778, 177.28152, 203.19118, 68.684135, 214.05602, 221.0842, 115.6657, 112.09576, 196.03072, 163.10046, 147.48355, 183.26743, 98.791466, 162.17311, 181.07806, 200.38452, 194.82327, 213.5233, 223.82977, 201.58221, 197.04698, 207.15215, 138.1048;
  204.45749, 102.87016, 161.95749, 113.87403, 52.860508, 69.797142, 84.214836, 138.13214, 174.0313, 174.84235, 170.05061, 194.84235, 83.972565, 152.79752, 187.72333, 114.13021, 79.137558, 204.93507, 124.51043, 182.67619, 188.57457, 109.09274, 167.6534, 50.757725, 187.09235, 182.34273, 184.69937, 142.12558, 99.430832, 197.32457, 94.786705, 75.135239;
  125.92879, 75.345848, 43.955837, 131.53934, 50.828594, 82.71212, 120.71929, 72.008003, 64.881866, 155.39609, 69.481918, 29.395529, 205.16174, 62.411537, 18.799614, 181.8976, 159.85013, 83.306374, 159.26939, 107.99558, 83.755455, 155.63263, 79.05603, 198.67209, 105.05824, 82.061279, 62.160088, 24.13994, 18.386419, 68.881592, 31.412918, 50.052444;
  95.392929, 81.041512, 197.16441, 67.627213, 152.81381, 165.46034, 149.11838, 106.78792, 161.2355, 174.58528, 114.05138, 162.38759, 63.69585, 178.20264, 194.89766, 128.76695, 69.101112, 136.60297, 132.46117, 80.494453, 118.27785, 128.63872, 154.54871, 106.41102, 53.150433, 65.11467, 72.54953, 136.49774, 200.75668, 173.24373, 98.69297, 170.06577;
  185.66383, 52.504051, 209.14743, 125.74797, 149.12466, 142.19644, 86.343498, 93.638359, 183.75723, 180.31802, 171.18988, 219.36549, 50.161327, 175.59398, 217.68776, 83.991508, 80.182556, 180.97414, 117.27518, 136.52644, 158.89888, 102.65689, 162.48668, 39.138943, 187.49286, 176.65765, 199.83211, 193.78116, 213.58974, 203.45079, 151.74489, 88.493629;
  43.799259, 84.097733, 53.361431, 147.78766, 81.833771, 87.120384, 167.79083, 87.205742, 55.498417, 169.41254, 77.094566, 19.96022, 207.4863, 68.158058, 16.090357, 60.851685, 164.97208, 91.445198, 133.47681, 110.06348, 76.273705, 152.69809, 73.942833, 199.39409, 102.8501, 66.626709, 31.356163, 29.686775, 16.910694, 62.906216, 28.107481, 180.91595;
  102.2385, 172.02377, 40.818394, 170.31332, 86.352303, 109.72175, 107.40647, 120.9053, 65.651207, 49.695637, 96.366714, 149.13951, 196.42128, 67.199921, 54.561962, 108.68238, 184.87762, 72.698364, 139.97545, 180.09976, 110.53703, 133.68472, 50.640686, 196.16757, 191.4505, 119.76383, 142.8866, 147.69096, 38.090412, 53.722134, 132.3141, 100.10327;
  145.54453, 160.08905, 65.589981, 66.524582, 92.36039, 179.19527, 136.25232, 120.72588, 183.53293, 80.619667, 103.04731, 64.279686, 125.38126, 157.66652, 92.043137, 148.02458, 144.19434, 68.1744, 159.48424, 69.713821, 117.30241, 92.422539, 125.2384, 132.64333, 61.168831, 80.715218, 62.548702, 89.859459, 82.98423, 38.607609, 118.69434, 126.83534;
  63.911865, 164.09915, 157.33347, 88.073303, 202.02838, 176.18474, 169.81525, 145.80423, 135.58728, 98.055931, 93.555931, 157.77499, 95.970764, 170.00169, 205.49533, 154.14067, 146.97458, 55.81144, 137.10211, 72.217796, 152.54533, 105.16568, 121.37712, 204.09407, 44.513557, 61.003815, 98.344917, 194.91017, 181.53601, 105.33051, 183.32076, 183.9267;
  105.29118, 188.20607, 96.777512, 125.30417, 153.99521, 149.37593, 189.73102, 207.58202, 178.13293, 72.893364, 196.24606, 218.11414, 53.903278, 177.12508, 195.89542, 140.13089, 105.76486, 172.28264, 61.343472, 178.29391, 213.30792, 72.838005, 56.480518, 183.1907, 72.192749, 49.593643, 182.63191, 206.4043, 101.99384, 152.07108, 210.50853, 187.75017;
  207.69928, 147.53433, 193.66782, 76.034142, 155.99042, 161.47411, 120.18374, 113.60069, 196.46452, 81.519753, 172.93556, 234.22862, 42.002686, 159.98505, 236.60262, 154.24396, 89.729576, 159.39241, 118.00115, 141.59456, 169.173, 103.37706, 159.66475, 56.161106, 40.525124, 91.964325, 217.79671, 222.4066, 233.3598, 180.56963, 207.87956, 83.020332;
  104.95882, 74.037369, 153.7011, 124.83025, 134.49397, 95.459259, 73.311859, 79.473083, 72.256546, 178.64961, 64.932045, 36.21183, 198.88879, 76.316269, 55.746105, 92.553993, 145.07768, 89.37188, 158.01147, 80.454254, 45.024422, 171.34863, 182.48897, 69.135925, 190.55635, 190.97264, 68.148575, 51.729923, 153.04355, 109.22007, 63.538689, 72.166519;
  122.29514, 95.260155, 121.308, 82.846001, 120.89465, 63.808605, 180.8452, 143.06032, 88.331322, 167.70728, 153.20064, 169.6357, 83.792519, 68.439888, 161.61359, 88.524323, 93.581017, 175.59991, 51.153999, 202.21753, 192.42822, 175.01286, 96.97467, 90.205063, 82.195816, 72.343384, 166.79814, 120.42622, 123.27342, 187.04301, 134.0965, 178.66707;
  213.57616, 138.87462, 196.86006, 114.73034, 34.13065, 157.77275, 76.075851, 103.5613, 188.89474, 61.862228, 172.59442, 234.6675, 46.239937, 150.68762, 234.68359, 73.044273, 91.108047, 158.78267, 111.83777, 143.19505, 157.34242, 99.738083, 153.48514, 35.346439, 198.55945, 162.16687, 219.91052, 215.78204, 226.75481, 168.32539, 165.47987, 54.592262;
  171.67245, 150.39499, 98.753372, 148.71098, 97.567627, 134.68092, 106.35376, 150.91638, 158.85126, 72.275146, 169.20578, 205.44894, 76.144897, 152.76454, 182.30905, 195.25549, 110.30559, 171.27322, 150.58498, 171.47668, 190.82812, 72.203087, 90.894028, 193.29288, 121.70174, 118.42351, 191.20348, 174.29134, 84.240845, 153.70944, 158.42929, 74.140266;
  119.20869, 172.51361, 114.04101, 98.385307, 125.89647, 167.06415, 169.81364, 188.33374, 172.79457, 79.857895, 179.61389, 74.073486, 63.178238, 170.43768, 182.37273, 114.50792, 88.328461, 162.08202, 59.820141, 118.09785, 186.03857, 98.453918, 109.41088, 109.88064, 79.578972, 116.85059, 128.64394, 94.980515, 135.93463, 152.18718, 179.46773, 171.22818;
  38.398998, 188.37091, 39.223152, 133.25043, 95.993881, 106.26211, 169.38954, 149.87842, 58.313023, 44.885643, 80.578468, 34.609627, 207.86116, 74.861992, 32.154427, 164.37369, 181.41849, 74.673073, 132.14359, 127.30997, 90.706459, 150.45854, 68.317757, 224.5103, 58.515026, 70.204231, 53.44352, 39.925713, 30.700056, 47.925434, 98.768227, 173.32639;
  166.28221, 87.164421, 110.08139, 138.02373, 63.206955, 59.649899, 108.88262, 90.528015, 97.311661, 173.10349, 110.75011, 194.97751, 178.22659, 69.643356, 141.01636, 185.63805, 124.54111, 137.82086, 162.0589, 192.77219, 183.9182, 162.14888, 109.37955, 184.11617, 135.34396, 112.43477, 182.3092, 132.27321, 53.614723, 169.83559, 66.134155, 77.739471;
  169.98483, 81.977409, 107.82669, 113.99762, 42.257133, 79.108795, 65.155769, 69.557373, 80.59304, 173.23633, 77.633171, 47.074909, 206.72949, 65.98127, 29.935791, 136.46016, 146.54013, 94.46225, 192.32074, 101.2173, 81.404282, 177.1302, 176.69946, 79.036858, 179.15042, 198.5862, 74.830856, 31.875149, 38.254162, 87.622177, 32.003269, 59.045185;
  93.197891, 184.96193, 116.12325, 128.50697, 186.18054, 156.0784, 131.82774, 199.51866, 176.04222, 77.353935, 188.21107, 215.10252, 51.323406, 178.72597, 216.98454, 61.479832, 100.53751, 166.78439, 66.952126, 161.63664, 187.08783, 71.314735, 77.492645, 76.252922, 155.14888, 159.37466, 172.00226, 226.65096, 186.43007, 157.58989, 219.74181, 183.69582;
  149.24448, 174.61948, 164.68071, 191.02911, 171.82881, 180.11897, 131.43272, 181.87299, 160.39557, 129.88855, 158.45079, 62.065762, 121.58835, 208.44226, 103.54468, 108.87399, 188.07579, 168.20331, 188.93875, 109.89859, 116.66717, 96.292664, 180.98895, 189.13704, 182.84337, 175.60692, 159.61546, 152.65762, 158.2244, 103.81877, 174.9277, 132.49548;
  160.39746, 131.52087, 70.086662, 182.52814, 54.702812, 158.51407, 74.710983, 136.08167, 150.00772, 77.689201, 157.93965, 110.93875, 117.13657, 176.07079, 67.089386, 151.72687, 181.63838, 165.1951, 179.33031, 171.13068, 94.558075, 79.125229, 94.872955, 188.67059, 182.34166, 173.1098, 151.99954, 119.96733, 52.966423, 58.196461, 84.214157, 72.970505;
  150.05115, 64.355095, 187.99959, 179.11227, 78.904366, 114.09979, 76.016632, 95.532227, 146.84949, 119.45821, 158.64366, 153.89023, 86.846153, 182.10895, 127.33181, 139.44991, 99.13472, 202.4287, 159.28441, 159.98129, 65.866943, 98.442833, 152.11934, 107.76009, 181.95261, 191.07361, 188.37048, 118.17297, 147.8761, 193.97838, 83.505615, 66.997093;
  181.46321, 182.19193, 120.29742, 89.225616, 145.94504, 69.781029, 84.181732, 170.83421, 125.15469, 136.75842, 149.18883, 95.365692, 113.60194, 82.418877, 144.85283, 114.51507, 64.706116, 168.88075, 110.47385, 103.53635, 166.41223, 98.550087, 178.5062, 46.948135, 177.55894, 181.65514, 101.09042, 103.44547, 137.44814, 174.78279, 178.0226, 64.278809;
  160.7892, 147.8027, 161.20496, 95.797302, 155.44189, 180.53244, 81.151352, 139.36623, 184.7464, 91.15451, 156.21758, 75.832436, 61.632885, 189.25722, 128.06262, 184.03064, 125.53559, 162.42387, 190.98108, 62.190994, 77.061714, 88.77433, 169.53648, 113.51982, 117.61172, 179.87613, 87.084236, 115.85901, 193.16803, 105.77973, 174.99776, 60.374325;
  148.13278, 170.20886, 204.80029, 93.058159, 192.31493, 180.03621, 170.26775, 155.45795, 185.91039, 93.704468, 168.14668, 217.0717, 43.336868, 185.03548, 232.18326, 165.85663, 106.52853, 167.17119, 186.6763, 141.52524, 166.93892, 93.789688, 160.52086, 201.16972, 50.536579, 76.107903, 184.6774, 224.74799, 219.7052, 176.24762, 217.69203, 164.9722;
  183.45241, 85.470451, 188.56383, 60.158772, 141.76634, 58.064953, 115.45061, 90.70726, 128.60983, 197.30492, 133.11682, 184.4258, 91.777176, 84.794312, 190.58366, 153.40866, 62.792061, 169.76048, 132.61795, 138.5291, 171.03833, 136.40686, 190.89806, 67.00045, 59.42625, 84.416328, 151.02615, 133.8119, 165.92918, 204.31213, 129.86423, 89.26342;
  141.69696, 198.3513, 129.94504, 66.899841, 127.87313, 115.34309, 107.02465, 193.27118, 121.12429, 144.59988, 130.89368, 199.60092, 72.655365, 154.0945, 188.13559, 92.254745, 69.22496, 170.78889, 135.37544, 161.11299, 168.08679, 77.41037, 173.06573, 88.825882, 105.8567, 63.06163, 106.2907, 192.93527, 113.8644, 148.15048, 110.5891, 153.98407;
  79.915825, 176.17233, 78.204941, 138.49846, 148.64787, 170.65536, 167.88718, 161.16174, 130.62582, 61.416924, 124.50904, 175.12958, 67.955048, 175.73204, 142.92288, 151.53813, 187.30939, 97.772591, 141.43764, 163.46188, 161.47423, 93.281624, 53.370647, 225.46805, 68.394005, 58.7911, 150.07272, 195.02072, 75.262672, 42.597622, 171.84531, 184.38211;
  32.469131, 77.426819, 34.265575, 126.52963, 87.521088, 87.323875, 176.67325, 75.437431, 56.365906, 173.42641, 76.28418, 17.591373, 208.58821, 58.970097, 14.767641, 194.63425, 160.92104, 92.256477, 136.65918, 106.25924, 74.025909, 149.33504, 66.796997, 211.98926, 42.28735, 70.194046, 22.411522, 17.26268, 11.032525, 59.833794, 23.497383, 181.36398;
  72.0588, 76.514626, 49.786106, 129.1234, 99.8312, 56.387871, 179.39091, 73.453072, 59.759899, 164.68616, 85.673973, 190.69591, 200.94514, 54.291588, 116.07952, 190.57799, 204.17123, 80.450638, 138.8708, 207.33881, 191.25838, 154.91286, 54.828152, 214.05971, 43.76173, 68.298599, 145.39091, 135.39944, 29.197744, 71.975624, 58.50853, 180.98262;
  188.94649, 74.602707, 204.41205, 100.14452, 102.54459, 112.55504, 76.608856, 101.58087, 197.08948, 169.87238, 165.2706, 104.11408, 63.408978, 170.12946, 181.12392, 102.27859, 43.018143, 185.3687, 121.84409, 58.117771, 110.94803, 104.03629, 194.35056, 27.000921, 171.5372, 184.06058, 110.13499, 92.130379, 207.17619, 203.76752, 103.37546, 57.950184;
  89.658066, 99.647469, 115.47881, 199.88986, 83.143318, 152.47972, 137.44101, 138.31567, 148.26544, 91.392166, 200.6682, 174.51245, 79.361755, 169.43594, 162.22351, 102.92719, 117.3083, 184.2023, 75.878342, 184.72166, 167.14977, 133.42627, 52.962673, 161.84332, 184.47327, 189.56036, 175.70323, 150.8553, 103.48756, 169.9424, 118.01521, 156.2401;
  80.141777, 165.34018, 110.10361, 75.877937, 180.11157, 122.36284, 157.31586, 139.61368, 93.254616, 106.80328, 89.32634, 145.25043, 133.59689, 69.857803, 172.38968, 86.082214, 74.064598, 53.260067, 59.49287, 81.444214, 161.18666, 131.6422, 104.50252, 76.430786, 76.749161, 62.372482, 82.066277, 152.24791, 157.4828, 139.32089, 170.85403, 173.06082;
  139.49872, 153.7699, 55.761337, 150.60223, 106.45723, 86.170662, 172.90291, 103.64158, 104.39564, 74.067154, 102.98631, 58.701881, 189.74423, 69.809669, 82.568008, 151.00813, 182.12703, 58.251499, 83.931564, 123.0231, 180.83791, 145.66296, 97.817795, 181.02567, 90.454239, 87.619759, 168.15526, 83.271172, 52.458084, 70.210434, 172.46107, 113.61121;
  122.82047, 99.850616, 98.013298, 71.985817, 68.513298, 141.50842, 103.25133, 96.233154, 169.60327, 56.169323, 163.76906, 206.99069, 46.528812, 136.43927, 199.91135, 104.3617, 81.137405, 149.69858, 69.12278, 143.01152, 136.65735, 65.748665, 72.67775, 46.503544, 82.386963, 85.394943, 155.43794, 166.42021, 146.79698, 139.92731, 136.08643, 84.829788;
  39.15625, 55.819111, 136.52194, 100.70824, 163.64244, 118.8711, 167.41948, 59.063103, 72.174278, 173.98378, 82.480774, 44.395737, 185.82031, 76.5, 46.192612, 152.85999, 160.16647, 78.606071, 144.74219, 89.222061, 41.676384, 172.55049, 104.4997, 197.64874, 46.698017, 72.93029, 44.692909, 55.91106, 155.76292, 95.436905, 57.773739, 175.02104;
  85.14344, 136.88553, 80.511765, 160.9362, 113.18281, 179.97693, 171.12579, 152.75159, 136.17375, 51.675114, 165.87646, 42.811314, 70.660179, 169.80316, 67.68869, 119.36471, 178.52263, 144.65294, 90.809502, 162.49457, 90.9086, 117.02489, 62.147511, 200.681, 86.436653, 96.918098, 135.2439, 73.119911, 96.560181, 58.880543, 158.14299, 168.13438;
  82.666245, 78.836334, 177.30006, 79.651802, 175.14442, 80.559052, 166.80392, 83.311623, 83.524712, 198.70764, 77.576065, 192.24359, 169.03691, 79.837936, 173.58249, 158.82799, 127.55264, 81.555199, 155.72498, 128.18582, 148.86298, 170.38191, 150.93036, 179.16881, 42.450901, 67.666245, 111.06001, 162.74872, 152.9554, 159.50386, 94.636719, 173.55038;
  99.032806, 181.13239, 151.97672, 71.523079, 198.93666, 89.011444, 158.10568, 150.07019, 83.164055, 178.99199, 62.802364, 61.919495, 169.68904, 95.023651, 97.054176, 105.75543, 147.74818, 79.313622, 159.76115, 84.965279, 108.21861, 120.73216, 202.2003, 135.52269, 72.221672, 64.861122, 67.451355, 122.04388, 156.1114, 87.869896, 152.23463, 169.32964;
  157.89365, 167.09842, 89.717125, 178.59003, 102.82745, 150.62224, 92.336273, 176.56885, 159.86011, 55.348633, 174.75198, 62.855251, 82.945282, 169.32436, 93.71183, 98.537071, 114.28332, 172.82657, 77.579437, 147.72418, 116.34113, 84.309799, 103.39409, 80.533096, 203.89806, 181.15181, 175.27052, 90.819946, 108.282, 121.00883, 184.95808, 81.306709;
  118.54502, 112.00613, 181.07355, 149.47336, 124.45309, 186.76143, 159.00188, 102.02451, 140.32719, 91.284294, 143.57095, 162.60443, 54.358791, 178.19142, 156.2381, 108.06883, 155.63602, 144.58699, 161.51437, 146.95003, 92.133896, 74.131065, 140.33662, 192.2164, 70.260254, 57.693069, 176.53041, 197.07307, 168.40121, 84.196602, 123.82413, 181.38377;
  27.691492, 164.02031, 34.377979, 144.04828, 135.2196, 139.01942, 180.75037, 108.46246, 42.50309, 40.699734, 82.196938, 142.75626, 199.14484, 64.70739, 44.323814, 169.67941, 216.68973, 61.980865, 138.36708, 203.20193, 98.789223, 150.28113, 38.426846, 229.45186, 51.417721, 67.052986, 121.69208, 146.12158, 25.409184, 32.546658, 142.83485, 197.3824;
  121.54118, 114.6696, 173.04402, 178.58882, 167.48317, 60.137753, 111.41999, 143.59711, 66.919212, 163.86174, 127.47437, 177.02072, 148.21284, 82.468155, 157.05696, 110.71, 113.00362, 163.91093, 114.03263, 179.9653, 159.41533, 140.27809, 143.12326, 139.17867, 187.79959, 154.69601, 194.10979, 171.89436, 150.23666, 203.71155, 148.72243, 104.44278;
  129.76385, 96.428818, 130.30003, 108.41387, 88.506973, 91.477066, 148.25723, 95.374794, 74.629295, 182.15598, 73.119949, 35.056408, 200.34558, 88.489639, 42.883793, 166.66191, 157.0136, 92.871567, 177.36597, 110.55386, 79.531776, 166.0435, 202.28374, 192.15427, 65.090729, 91.182472, 79.129463, 40.313629, 43.870541, 87.193687, 40.570847, 145.78831;
  105.33549, 153.81541, 141.16751, 161.80894, 146.0106, 175.05399, 64.243652, 145.75357, 130.92155, 65.417625, 143.82925, 186.56805, 72.92247, 173.48915, 133.27826, 88.532066, 102.52377, 152.48961, 157.2515, 132.76741, 51.723118, 65.212273, 112.40009, 101.48777, 195.93816, 160.21181, 128.49792, 200.19612, 163.78357, 124.59068, 131.57037, 95.771111;
  69.776474, 159.27768, 127.09086, 107.47623, 215.15704, 172.38568, 188.62125, 151.55235, 181.10139, 74.736465, 176.86252, 227.31499, 42.386883, 169.22383, 229.53851, 142.90945, 106.70036, 159.13689, 74.731651, 150.22142, 162.77678, 67.141701, 42.478943, 179.08514, 51.723526, 46.740974, 174.61613, 230.76053, 231.63899, 164.77467, 227.22383, 182.27136;
  147.15862, 174.26379, 102.93972, 105.32792, 145.59512, 100.7328, 95.268921, 130.84824, 106.93374, 135.84523, 66.501495, 186.86533, 184.10091, 113.47542, 145.76572, 154.55196, 140.1971, 71.331337, 195.19197, 102.41129, 148.80463, 77.687904, 164.92177, 150.66396, 132.86105, 90.39846, 103.26721, 200.53186, 92.351006, 86.729805, 112.91193, 87.216331;
  199.78796, 84.433998, 131.44968, 101.58457, 55.826321, 65.056107, 77.757843, 88.237625, 131.10686, 172.53796, 155.88779, 76.452148, 127.69019, 70.279289, 83.363861, 98.138618, 63.909245, 190.18648, 123.25702, 117.32715, 107.83829, 136.18399, 179.60851, 30.01609, 193.52435, 191.95215, 109.54126, 49.902641, 108.46288, 173.13202, 77.375, 55.021866;
  104.18278, 81.955086, 47.350281, 141.60168, 57.246101, 68.589516, 80.014343, 88.989708, 66.157516, 163.16344, 82.195877, 40.018089, 209.58609, 62.032127, 20.310354, 77.18808, 145.52151, 87.843414, 87.212723, 108.32719, 84.778542, 160.75983, 86.036804, 58.92514, 198.63037, 165.49905, 58.424202, 29.168121, 35.22364, 77.690887, 35.268559, 79.763565;
  141.28769, 99.328079, 81.748459, 150.96461, 60.041538, 63.917309, 83.818459, 102.58577, 83.364227, 97.418846, 154.36269, 191.59116, 121.21461, 49.881924, 131.38577, 110.24846, 89.67308, 162.56116, 77.32885, 193.05615, 148.73346, 139.00154, 63.907692, 68.213844, 196.8877, 181.41347, 157.99269, 125.5, 72.312691, 170.44615, 99.324997, 73.049614;
  59.048298, 68.65493, 78.309044, 146.06671, 86.336876, 185.68071, 166.42242, 80.983627, 99.898071, 76.523941, 94.664757, 157.84241, 122.53417, 139.90831, 107.39173, 160.31969, 185.21326, 71.99836, 140.34424, 163.30823, 87.353661, 142.63364, 44.453129, 215.04747, 53.946377, 68.064262, 130.12444, 145.44167, 72.473595, 54.754807, 62.397869, 179.03479;
  116.13079, 174.548, 216.35976, 98.991364, 219.67583, 165.4884, 91.651558, 175.73273, 196.47302, 89.138885, 184.78479, 240.19362, 48.359222, 184.15263, 239.85059, 89.863808, 100.92448, 170.04745, 97.052582, 150.32739, 161.59439, 99.174484, 167.87512, 52.155338, 86.271301, 158.39293, 191.59601, 238.88133, 248.25296, 190.99326, 232.79288, 164.29422;
  191.7086, 161.48201, 214.73062, 105.74376, 162.01144, 104.6925, 87.813637, 209.05125, 185.01483, 218.23804, 172.4892, 202.58789, 67.282089, 197.48709, 213.98984, 88.177467, 71.65947, 207.91911, 126.20754, 150.66074, 179.30792, 100.8903, 191.98051, 47.296062, 187.79671, 171.99747, 181.60822, 199.21135, 212.651, 215.19568, 169.95045, 87.433716;
  90.353806, 85.790207, 108.27888, 132.26498, 92.786552, 152.35271, 181.99562, 138.85197, 149.60892, 109.87756, 163.55299, 204.87463, 65.138893, 166.11769, 177.26974, 170.56323, 112.20979, 183.90936, 97.382309, 197.8549, 180.01608, 150.86185, 44.077122, 210.99927, 57.770832, 61.400219, 165.97368, 140.33188, 89.945175, 166.9353, 101.99123, 184.34283;
  133.70071, 78.526947, 143.64908, 53.825855, 137.28119, 96.75499, 94.298149, 60.346775, 99.972481, 171.7041, 61.006031, 62.816055, 178.87184, 78.204292, 77.381828, 174.28685, 138.72409, 74.691292, 189.76593, 68.543159, 60.756878, 145.02864, 186.51564, 100.12251, 60.938183, 81.083298, 67.836784, 68.856384, 143.03166, 93.966454, 84.344139, 64.681488;
  34.460079, 76.654823, 35.859276, 134.90167, 90.71286, 65.846718, 180.10565, 70.183128, 47.749821, 135.90167, 76.852875, 158.71263, 210.85548, 50.807629, 28.841507, 174.36745, 195.80478, 95.13385, 138.88319, 225.17317, 71.087891, 146.63539, 30.617388, 216.25325, 46.968254, 66.617859, 81.128639, 113.33096, 15.90263, 59.981522, 45.455814, 183.62283;
  127.13652, 170.43604, 146.61452, 119.36555, 160.66438, 138.71906, 68.465271, 114.10454, 131.62346, 112.76031, 98.046082, 52.807426, 177.85799, 137.46939, 80.471458, 75.995186, 136.42229, 69.936043, 152.97147, 45.167126, 59.147526, 86.509628, 192.14511, 48.36795, 189.30467, 175.92538, 78.814651, 120.30399, 168.90199, 73.727989, 151.02167, 72.566711;
  64.231461, 175.69511, 59.251717, 110.30669, 160.90813, 119.70885, 174.77179, 144.59964, 73.971062, 89.041946, 89.306686, 187.44521, 183.8358, 62.704155, 150.6698, 174.1584, 182.26799, 49.932365, 132.00542, 164.78372, 198.90813, 153.57793, 63.749004, 221.66075, 51.166, 58.305965, 117.46184, 174.03796, 62.9226, 60.665096, 157.22676, 184.36491;
  77.418137, 179.6127, 101.18245, 113.7812, 162.59618, 125.18062, 181.03047, 183.88106, 71.119308, 81.832962, 113.17107, 198.26321, 69.51799, 80.869308, 173.07782, 145.48274, 107.09618, 124.3348, 90.058739, 197.59103, 193.56058, 151.70851, 62.765785, 210.49376, 65.388763, 58.060204, 147.54222, 171.86748, 104.62371, 158.52826, 190.02496, 189.13509;
  126.85023, 94.138603, 165.60074, 96.018616, 121.49317, 76.187424, 72.205215, 85.10054, 86.733551, 181.60074, 77.299545, 190.54448, 179.68597, 72.183289, 162.70253, 111.41746, 71.744308, 98.274719, 155.53993, 85.554405, 116.76541, 141.13322, 168.59619, 49.239967, 173.58833, 175.42738, 88.75383, 154.19652, 151.56186, 193.8403, 71.208939, 82.334297;
  78.155235, 82.928993, 147.18866, 70.855202, 128.15559, 97.067528, 161.52524, 72.010094, 90.983292, 183.17786, 81.810654, 45.410721, 181.53603, 81.599724, 69.897667, 56.842323, 139.63802, 77.286812, 100.0355, 82.890007, 74.236336, 182.55969, 165.86078, 63.675602, 80.837105, 75.622345, 60.820396, 55.475811, 144.16359, 94.50679, 75.231812, 176.71494;
  146.88028, 80.55114, 90.612419, 185.90747, 59.878651, 73.689529, 99.499596, 99.945618, 89.76786, 122.39204, 160.43019, 47.183846, 156.11607, 83.694801, 43.33482, 113.99554, 158.92451, 176.30074, 92.087662, 182.17004, 92.195213, 147.61121, 112.48417, 113.22971, 191.65503, 193.28409, 177.972, 42.46875, 69.298698, 118.08198, 95.741478, 71.129463;
  81.097694, 85.901894, 77.45919, 57.52597, 87.055649, 56.242374, 136.58904, 70.996292, 73.480217, 155.04123, 84.716408, 196.70116, 172.18962, 43.937347, 141.82111, 111.63149, 73.915909, 66.392006, 69.739487, 146.87387, 161.44435, 157.54535, 81.085327, 82.187553, 69.56884, 53.263809, 84.648392, 122.78071, 64.410141, 141.83636, 54.190849, 152.96373;
  76.169861, 61.190731, 159.03171, 153.36603, 173.09474, 91.877296, 183.97244, 82.913605, 89.944908, 158.72871, 95.310097, 57.527126, 163.76376, 94.255424, 85.107674, 138.38147, 180.14064, 88.647743, 101.32095, 140.4157, 116.54048, 182.24207, 111.3055, 189.20659, 68.513351, 84.586807, 174.90901, 76.680717, 145.05884, 127.85017, 151.68364, 162.73663;
  206.51602, 166.92622, 194.95905, 109.15565, 161.55736, 163.35265, 80.692154, 158.81615, 195.23135, 80.973343, 175.93008, 238.4944, 49.0224, 176.11356, 235.64851, 191.98764, 97.933952, 166.93124, 130.1769, 148.59366, 176.47508, 101.34878, 156.10274, 67.574738, 169.84781, 192.58632, 223.37775, 230.17535, 235.08728, 190.76167, 228.50328, 60.217072;
  84.522865, 162.19102, 131.89417, 83.836319, 185.59686, 188.54305, 142.78923, 155.71121, 154.42421, 83.908966, 128.26367, 58.138115, 70.029594, 185.51344, 107.48116, 69.323769, 138.76143, 102.78789, 101.85157, 63.015694, 72.563675, 89.497757, 140.40941, 76.981163, 87.224663, 87.373093, 72.328247, 117.77489, 190.89102, 61.309864, 182.7686, 168.90134;
  34.726841, 140.12151, 107.66997, 150.8604, 206.91943, 180.2654, 171.21628, 127.56139, 62.375267, 78.746231, 86.398537, 145.67989, 153.87721, 140.02025, 90.12365, 136.4218, 200.07324, 58.962517, 139.8087, 147.68936, 73.881088, 134.71779, 63.846188, 220.8031, 64.410599, 60.383453, 133.56958, 188.89314, 153.50797, 64.040497, 156.56483, 193.19258;
  52.267925, 79.133629, 40.725685, 113.63582, 108.2309, 75.139015, 169.60048, 62.419052, 51.299229, 157.66443, 78.163582, 170.66847, 198.7506, 44.860317, 46.106701, 166.74387, 166.34433, 72.086845, 140.4268, 95.083481, 98.147766, 148.85696, 55.801414, 200.34535, 47.40559, 62.473244, 36.232922, 128.49176, 29.280714, 58.049816, 33.616966, 177.57893;
  195.81367, 187.81433, 103.28722, 145.89879, 92.944466, 141.6796, 86.661522, 188.04076, 178.58659, 74.660538, 172.05785, 216.70457, 61.584949, 169.37004, 202.39928, 82.507729, 93.829117, 172.14099, 101.99606, 161.92639, 203.32404, 78.341774, 107.84818, 66.151169, 209.24286, 175.84062, 197.10417, 202.63063, 103.20704, 156.7049, 187.4075, 78.757805]