Name:Wendys
Detect:1
Describe:3
Size:100
Length:32
[117.76313, 171.10289, 188.38528, 139.37521, 184.50876, 185.96234, 116.16068, 190.56479, 190.07837, 92.433014, 178.82706, 90.931259, 53.860332, 200.64098, 216.00656, 59.507004, 85.373466, 166.5972, 94.992554, 108.00657, 164.38046, 93.051659, 169.5556, 69.752625, 171.40192, 175.74387, 179.39317, 182.40936, 222.62653, 175.45796, 210.5105, 176.87434;
  113.21471, 181.31238, 80.642654, 143.04207, 114.89991, 171.17844, 85.965668, 194.27805, 154.4942, 56.675049, 164.38541, 57.531918, 72.519829, 173.46036, 82.437622, 64.048843, 113.0677, 168.50581, 92.060448, 103.36509, 86.476311, 78.587044, 101.47873, 68.678436, 197.43907, 173.58511, 89.087524, 101.80997, 121.61993, 97.079788, 156.06819, 106.44294;
  184.4608, 167.61937, 109.78844, 109.66492, 115.78449, 149.52388, 129.9216, 156.67719, 173.09286, 75.568115, 164.99124, 211.35349, 59.485329, 162.50023, 194.76172, 177.87123, 103.2869, 160.98949, 156.4792, 154.97328, 196.09286, 76.580818, 101.2396, 179.31232, 77.833115, 85.569427, 190.83838, 196.03154, 103.86202, 144.12747, 182.63864, 93.605782;
  31.86631, 152.55615, 67.466248, 136.37901, 193.53108, 198.63971, 176.13403, 107.48429, 69.008354, 56.830215, 85.782753, 48.2617, 181.06183, 103.28977, 50.784092, 146.10228, 186.31418, 51.626339, 136.7373, 75.538773, 76.264709, 153.37065, 62.82988, 224.18483, 61.133022, 69.916115, 59.70789, 112.22126, 111.80849, 43.292114, 157.78242, 189.62433;
  126.53636, 93.550453, 80.072731, 90.111816, 72.288185, 52.180454, 85.936821, 96.710907, 97.39682, 167.11046, 92.585457, 127.70227, 194.82545, 55.954544, 133.34, 120.79227, 66.608185, 86.623184, 94.325455, 103.60728, 160.69864, 172.14182, 118.03136, 47.012272, 163.21272, 178.01227, 78.310913, 75.361366, 71.241821, 179.61455, 62.086819, 73.373634;
  150.733, 148.64586, 173.59134, 91.420319, 129.25629, 170.10345, 70.368591, 148.16449, 177.32433, 96.818268, 163.46039, 206.25397, 56.630478, 179.80756, 193.17195, 180.37512, 68.040077, 175.52657, 202.62442, 100.92312, 122.11697, 84.947342, 157.33598, 89.446877, 144.35135, 190.25862, 96.947815, 188.22787, 188.97205, 165.47205, 138.04195, 73.407272;
  61.465202, 93.320099, 62.441212, 184.86237, 89.152184, 86.167915, 96.347229, 116.98703, 57.876133, 169.71687, 88.116005, 22.896973, 212.3555, 82.540703, 18.889109, 110.13606, 167.32561, 100.63548, 141.78333, 111.32678, 86.204094, 154.26544, 96.863159, 189.21039, 198.87299, 216.87967, 43.622494, 37.077076, 25.60873, 77.468742, 37.642548, 137.47661;
  104.0397, 170.41695, 110.66247, 95.125908, 117.52542, 166.73946, 160.98982, 194.24939, 170.21597, 88.585953, 186.85472, 77.363678, 61.488132, 174.77626, 177.70314, 94.324455, 83.753021, 172.59322, 65.396126, 121.14721, 185.37917, 88.433411, 114.10314, 90.161255, 84.875061, 123.84116, 114.83244, 99.753021, 123.38014, 149.53413, 159.07555, 182.88522;
  147.48381, 152.19528, 128.89264, 126.46235, 155.05382, 158.39058, 97.361465, 141.23352, 185.46735, 65.894997, 171.7547, 232.29587, 47.228233, 162.54263, 219.17058, 74.902641, 95.170288, 160.54205, 91.270294, 145.59853, 172.46764, 87.590584, 42.633526, 54.269703, 189.88823, 156.72852, 199.75058, 228.0894, 222.53204, 168.70029, 219.34381, 69.413818;
  77.164986, 69.444084, 165.25664, 72.865257, 94.518791, 99.527496, 88.421173, 84.781853, 76.986252, 132.33546, 123.57424, 156.23236, 67.205315, 92.320808, 101.54491, 110.98625, 66.445007, 169.50595, 135.3593, 160.98671, 56.439045, 151.21448, 139.79744, 78.864342, 68.876717, 134.29605, 62.219982, 69.143448, 159.978, 166.44318, 60.116863, 128.88817;
  112.49902, 176.50771, 220.47115, 119.23043, 178.43402, 163.29921, 77.449104, 178.20279, 194.59888, 86.820518, 181.59727, 244.08133, 48.50634, 186.61133, 238.62561, 64.859131, 100.28767, 166.6335, 114.61304, 151.19547, 160.80177, 102.8476, 169.58311, 45.816177, 206.48199, 175.9695, 218.88403, 242.01953, 246.51936, 193.45503, 233.8701, 76.978065;
  29.355103, 88.816139, 38.393135, 122.3987, 96.085159, 89.19796, 174.04007, 165.99184, 57.688496, 171.09758, 77.859001, 15.210389, 208.09999, 80.961967, 15.7423, 192.70093, 156.94286, 97.531914, 138.46066, 107.62801, 77.859367, 148.51781, 80.925606, 217.8614, 45.298328, 74.391647, 22.660852, 18.816698, 13.008905, 63.821705, 20.255659, 182.6449;
  154.48117, 143.51755, 168.22305, 93.431793, 160.81941, 59.190559, 80.039848, 147.58424, 101.75271, 183.71027, 128.41144, 136.2906, 156.55219, 78.919449, 163.25034, 89.32785, 59.457344, 151.30663, 118.80641, 100.34647, 150.89087, 122.28541, 197.77957, 37.957993, 180.29623, 174.60201, 107.54959, 135.49069, 180.03423, 205.77654, 134.63448, 73.445648;
  127.18789, 124.67631, 128.47789, 158.38104, 107.65842, 172.74474, 75.090523, 90.977364, 163.02052, 106.20421, 110.62947, 57.807892, 169.14473, 182.29893, 77.516312, 165.9763, 159.03473, 94.621048, 209.41579, 56.792103, 61.327366, 89.753677, 162.64262, 177.43736, 162.69736, 185.54315, 82.991577, 105.14947, 114.54473, 73.059998, 95.90789, 75.517365;
  108.75314, 74.459427, 120.86115, 170.73772, 106.17714, 96.102287, 154.15199, 105.84686, 97.802856, 104.92857, 160.81258, 51.866283, 88.177139, 98.033142, 87.353714, 114.60457, 138.75485, 165.97771, 67.597145, 168.18915, 119.78457, 152.99942, 91.797142, 149.79828, 108.41428, 170.12799, 167.76913, 55.45657, 115.63714, 156.63715, 143.05086, 133.00743;
  126.58884, 89.999626, 165.64832, 96.4758, 63.134094, 149.64055, 68.425934, 97.777611, 166.30698, 53.148872, 157.15294, 196.95381, 45.702621, 150.70151, 194.97008, 66.368675, 56.326927, 158.14, 93.630211, 108.66679, 59.125229, 73.666046, 121.59438, 31.048391, 159.84225, 148.76726, 126.11858, 138.47986, 197.66013, 157.05836, 103.34724, 57.007015;
  182.96918, 80.747917, 157.03751, 114.2125, 105.68, 100.07875, 66.044586, 73.713333, 164.41417, 180.22501, 135.75, 52.998753, 177.10333, 129.91417, 76.887085, 81.580833, 131.52084, 111.245, 157.21542, 52.385834, 61.744167, 93.215416, 198.45418, 27.616251, 187.65208, 190.91876, 99.901672, 83.901253, 161.92751, 105.59875, 78.902084, 56.944584;
  148.72633, 90.090294, 73.441582, 103.99208, 39.030098, 151.31406, 60.198017, 74.991287, 162.05386, 58.837227, 148.5592, 80.331879, 69.554451, 128.23763, 76.764755, 94.057426, 88.578613, 137.04317, 119.49545, 92.402771, 58.515644, 82.31723, 106.08792, 43.528713, 176.11247, 168.02336, 84.083168, 77.861382, 96.330299, 67.901779, 75.213463, 49.738613;
  162.11459, 112.00658, 204.72473, 69.609756, 187.43399, 123.84553, 130.6535, 162.26364, 183.4998, 212.42044, 164.62407, 214.44948, 43.099884, 176.22377, 219.63686, 110.61982, 60.476963, 183.95625, 113.83662, 114.8614, 170.92334, 105.23422, 183.64034, 47.770809, 65.627953, 80.718933, 155.7348, 204.1835, 220.63686, 202.59117, 153.20287, 138.26558;
  218.43234, 42.787952, 205.22055, 122.01062, 158.12209, 161.04884, 80.568474, 101.5361, 192.28743, 114.7025, 173.92967, 228.7041, 44.439491, 173.22559, 229.78983, 73.296448, 87.562904, 169.37236, 114.30998, 139.43419, 172.16376, 102.88456, 158.12395, 36.749737, 195.6465, 179.32458, 223.51593, 212.97665, 230.59317, 198.52602, 201.6205, 68.634293;
  29.383512, 162.01024, 35.430618, 144.03252, 135.18126, 143.95418, 180.85254, 122.21223, 48.076294, 43.589092, 84.728363, 153.15207, 199.28188, 74.015617, 58.479008, 164.87788, 219.35228, 65.221199, 137.79826, 200.39836, 117.89222, 150.19124, 34.478752, 232.76881, 60.03149, 68.052483, 122.51305, 150.06758, 31.955965, 35.503586, 140.37148, 193.82872;
  206.18434, 128.78589, 198.21814, 110.83253, 120.22401, 66.828125, 83.953354, 193.5369, 181.16782, 202.34152, 172.16342, 207.27322, 67.886887, 174.96584, 209.39441, 88.894966, 73.094376, 208.21078, 119.87073, 176.24274, 185.45537, 101.49651, 187.59897, 41.836945, 194.64523, 179.71832, 207.53139, 173.95152, 173.1994, 216.82262, 133.6008, 72.123756;
  71.975746, 82.988335, 71.520111, 133.11852, 98.671478, 46.063553, 177.19281, 90.104385, 64.547745, 163.16887, 89.460548, 204.97913, 185.47467, 55.721214, 157.32176, 184.5419, 156.53331, 90.548355, 113.54559, 216.81148, 193.80656, 153.88762, 52.861835, 213.00183, 50.158119, 67.746391, 158.28891, 135.21677, 36.019341, 128.12804, 68.136322, 173.90051;
  172.83574, 91.466805, 94.901268, 125.79099, 38.562065, 77.461891, 64.743362, 93.811775, 76.984703, 172.99625, 78.893761, 29.19717, 210.57794, 70.136833, 19.30254, 94.301094, 147.16542, 94.564377, 176.02655, 102.31842, 87.922058, 181.834, 171.15503, 58.691685, 204.34959, 203.00981, 77.220551, 23.571882, 26.437933, 79.407913, 28.052252, 62.949192;
  75.647095, 106.5702, 99.365257, 145.45932, 96.646065, 147.67525, 183.50291, 157.76004, 146.51974, 96.99691, 171.69756, 211.99759, 62.425678, 166.35599, 177.97322, 170.18365, 112.58256, 198.32132, 93.118088, 199.54651, 188.11638, 148.80363, 34.183659, 219.85033, 66.61998, 65.453484, 172.61208, 141.04359, 77.954338, 167.44902, 105.00446, 182.70821;
  171.17766, 119.83101, 157.93694, 59.938374, 117.61002, 160.56476, 118.66972, 113.53924, 172.62735, 96.464615, 145.17332, 98.452576, 43.971592, 165.27492, 105.72942, 122.83004, 107.06981, 150.90515, 167.93596, 106.02937, 74.522385, 90.492058, 161.21378, 92.373131, 56.930668, 54.868561, 125.98604, 109.16563, 171.8777, 65.964371, 144.33992, 102.3221;
  36.794792, 55.063358, 108.96445, 90.816261, 189.90462, 116.02886, 171.49806, 66.196762, 71.942978, 174.73776, 81.623024, 38.342133, 190.73531, 70.646957, 40.894405, 152.54875, 158.50334, 74.727913, 140.50687, 88.310104, 47.0616, 170.45477, 85.612816, 192.2471, 45.298134, 64.18972, 34.376278, 60.932068, 155.59204, 87.140793, 66.510384, 163.7515;
  125.19637, 81.790764, 66.632019, 35.2967, 63.075249, 79.928719, 71.402313, 60.586472, 73.456436, 153.78053, 72.980858, 43.600662, 189.86172, 55.580528, 32.727394, 166.17723, 139.92278, 75.667656, 177.15215, 93.891754, 70.539276, 154.03136, 158.27954, 83.422112, 67.4505, 91.924423, 47.230034, 32.795052, 52.06469, 64.053467, 37.002972, 53.160397;
  32.993137, 82.962364, 51.727512, 146.37169, 87.187027, 87.092094, 173.94272, 89.415962, 53.400806, 170.56747, 77.160988, 16.807766, 208.80707, 71.525574, 14.258759, 61.753315, 160.9581, 94.222542, 135.95621, 106.97728, 76.756157, 148.38495, 76.732246, 207.13281, 83.679214, 64.905304, 25.602747, 27.484138, 10.159801, 62.362453, 22.506393, 196.66431;
  59.335407, 79.618774, 81.866547, 116.79359, 89.311829, 170.18861, 163.00578, 97.776245, 97.776688, 65.05027, 96.137451, 174.32474, 71.094307, 118.08185, 129.95596, 157.73398, 151.59875, 84.125443, 130.86566, 173.85187, 93.501335, 132.98265, 41.471973, 205.55872, 43.879894, 58.578735, 116.10943, 139.31094, 68.339859, 55.178379, 74.321617, 177.96841;
  62.632324, 76.201797, 71.391624, 55.321079, 86.474991, 52.50663, 143.52074, 65.690468, 73.887985, 133.43437, 86.162895, 185.07225, 149.17316, 35.89996, 142.48183, 112.67165, 64.232582, 62.301842, 48.348442, 159.71484, 152.63959, 156.50706, 65.812744, 80.083801, 52.072681, 52.278751, 87.669945, 101.64173, 71.059425, 139.03165, 64.611374, 151.64087;
  169.63371, 74.911118, 92.941521, 158.44786, 45.618317, 87.265106, 82.637558, 66.282417, 68.619469, 159.11736, 71.95845, 27.406311, 205.2955, 69.402847, 20.166988, 185.94383, 158.77261, 90.782227, 184.16045, 103.29435, 78.948441, 171.33513, 134.50905, 195.56329, 154.61601, 163.29474, 82.764526, 22.529434, 28.824163, 85.74144, 32.273567, 54.641403;
  191.94473, 108.42609, 99.461044, 113.25266, 39.533619, 137.92975, 76.811249, 98.684753, 176.42143, 59.26165, 166.96603, 220.87216, 51.182755, 143.36084, 201.98367, 89.509651, 84.994667, 160.28195, 94.966042, 153.19839, 161.76564, 72.873833, 100.52796, 38.538612, 178.77362, 157.03128, 194.16211, 182.07756, 101.06657, 147.11684, 128.40379, 55.99667;
  218.18811, 165.69373, 194.81844, 91.638748, 182.93138, 166.342, 85.141365, 126.84462, 200.20587, 77.525429, 177.29413, 242.20009, 44.951572, 162.09032, 239.6554, 164.089, 96.335083, 159.96597, 115.08676, 147.1868, 174.24103, 106.4138, 162.31227, 48.056099, 71.520569, 159.62978, 227.56041, 236.47551, 244.5634, 188.77245, 234.00992, 59.599854;
  63.848003, 96.431458, 130.04089, 117.73064, 153.14719, 103.72247, 115.46658, 110.17701, 91.884079, 149.93507, 88.560852, 51.492065, 178.29102, 91.457436, 60.278019, 61.296299, 123.2328, 83.879753, 67.773933, 80.437233, 69.364601, 180.61375, 102.4786, 55.633961, 155.9519, 159.97018, 69.920158, 66.063011, 163.48534, 120.20924, 112.65993, 129.55219;
  94.888763, 128.56384, 101.9828, 74.591293, 90.388947, 148.40614, 140.0428, 108.05671, 164.80058, 57.763996, 166.61946, 215.56274, 42.83205, 142.45226, 200.89462, 85.8573, 87.009148, 150.7596, 56.331867, 148.13684, 155.70874, 68.43615, 60.310646, 60.050858, 64.693008, 51.311378, 157.30772, 190.64215, 143.4903, 135.84486, 158.34686, 142.83168;
  128.6322, 182.09787, 101.76085, 90.766769, 147.24388, 91.395813, 60.442383, 133.93607, 78.649567, 120.95461, 65.801498, 49.723362, 187.07932, 73.385551, 68.438042, 94.604179, 138.56038, 68.572609, 169.47237, 71.000389, 75.887131, 93.501183, 188.17166, 60.437645, 175.28374, 169.07695, 57.152721, 106.52367, 117.73638, 68.23362, 133.04617, 62.325966;
  127.67599, 86.763733, 45.020473, 161.25967, 45.306145, 62.568737, 115.33019, 77.532013, 64.664932, 118.14105, 83.566139, 153.70296, 207.35912, 57.309067, 34.342216, 119.91583, 187.8479, 97.388039, 156.92297, 203.99577, 100.23367, 153.44199, 44.330517, 195.03282, 176.92688, 109.1001, 135.50667, 115.82743, 17.320118, 69.649658, 53.85083, 82.637634;
  211.11234, 171.56227, 209.26932, 108.35743, 159.38451, 170.18825, 75.418846, 167.60538, 197.99751, 97.711235, 175.54988, 228.09537, 44.808315, 179.9588, 226.99619, 68.622162, 57.384323, 164.87126, 113.1871, 50.498951, 170.60957, 103.59737, 170.04634, 38.290482, 200.74289, 176.90234, 106.79955, 221.48198, 233.71906, 187.74861, 198.25826, 68.506958;
  104.922, 99.288017, 175.44183, 51.879742, 164.7011, 69.036606, 157.21873, 93.789543, 91.835297, 199.47495, 76.45665, 168.64793, 171.60043, 66.939873, 180.00218, 138.81482, 93.74292, 80.210899, 140.56514, 102.39913, 162.04097, 170.13725, 179.4292, 109.91286, 47.813072, 67.004791, 92.570374, 142.81961, 158.88106, 170.85753, 103.79346, 154.83791;
  141.95312, 70.688606, 36.945648, 119.43381, 65.809021, 83.999748, 170.9055, 44.289204, 59.88681, 167.65221, 71.11319, 26.498131, 205.17451, 51.31638, 15.514336, 188.24731, 157.19521, 82.762405, 143.97755, 103.91499, 87.722763, 155.85091, 71.376213, 204.10646, 40.968834, 70.781105, 43.76664, 19.749439, 11.749938, 62.619797, 24.075792, 134.48167;
  64.61132, 161.59833, 123.53409, 99.627785, 222.68878, 171.8576, 189.98167, 137.28688, 187.92068, 71.37825, 176.93507, 236.77737, 41.663265, 163.46591, 235.37732, 148.29059, 106.26369, 164.06401, 73.101112, 151.11247, 162.33627, 60.566326, 31.075603, 175.24352, 43.976112, 42.091839, 176.38869, 237.93275, 235.96707, 166.77435, 235.74513, 176.50209;
  117.33524, 165.11218, 103.00438, 66.769936, 114.09641, 139.0666, 88.668274, 134.45793, 138.9886, 110.07187, 87.296669, 189.62665, 115.36459, 136.64154, 178.18143, 97.886505, 70.939087, 76.791847, 134.45486, 78.106049, 145.02542, 78.301056, 144.55872, 72.402718, 108.26687, 64.794479, 77.266434, 191.48904, 111.77651, 103.57187, 91.024101, 122.62577;
  220.21222, 170.7005, 214.95438, 120.03872, 148.98848, 177.48367, 75.02993, 176.3378, 203.67873, 89.43721, 176.44328, 95.870445, 44.383003, 194.08414, 229.02574, 75.900375, 67.231895, 160.02156, 116.71055, 75.849518, 177.51234, 106.68732, 205.22101, 41.053577, 202.2388, 185.35956, 195.63918, 156.74194, 239.26077, 192.03871, 211.52658, 57.391376;
  93.178322, 77.559052, 62.30616, 50.34877, 60.60815, 100.90968, 61.114403, 59.042149, 101.15285, 51.924503, 76.018066, 108.81797, 60.037979, 58.114868, 94.984711, 87.788788, 58.380268, 64.995369, 63.478462, 83.878647, 54.859192, 72.26725, 70.900414, 35.842056, 68.480316, 68.466881, 66.034737, 74.83094, 104.23205, 65.473831, 77.734138, 62.349697;
  105.01009, 173.18925, 189.58795, 82.452118, 205.8075, 186.90553, 137.76286, 173.30554, 186.00781, 103.21629, 162.34006, 108.14755, 38.991203, 182.81465, 221.67296, 130.66058, 51.487621, 145.73257, 95.024757, 39.962864, 152.43094, 94.895439, 191.65961, 58.535179, 55.759933, 121.21042, 91.965797, 140.39609, 233.24788, 174.15439, 204.4671, 154.10977;
  219.51862, 156.52461, 204.92215, 116.04476, 27.638657, 158.18658, 76.588921, 110.50986, 192.14903, 65.467674, 174.46442, 239.21077, 46.790775, 153.68274, 237.22278, 71.730408, 93.413483, 159.95096, 111.81907, 143.33751, 167.71909, 104.04768, 156.99915, 35.718231, 199.79643, 166.90242, 226.84428, 228.67175, 235.10205, 170.19482, 180.28606, 54.336651;
  200.14079, 183.14497, 126.72793, 103.5704, 57.187214, 133.67314, 77.008369, 160.66782, 195.56432, 84.596649, 167.13052, 113.51141, 64.177322, 162.20967, 184.32991, 87.576485, 56.822678, 169.69788, 106.7831, 75.591324, 174.35046, 92.759895, 161.85768, 42.224125, 189.27245, 175.20282, 114.95928, 104.16325, 111.81773, 153.086, 147.42009, 60.259514;
  208.01323, 194.92781, 116.65004, 127.87655, 111.09617, 143.0992, 86.157066, 203.09094, 183.55939, 79.65638, 171.64702, 223.72581, 55.005787, 171.72858, 215.84155, 81.834938, 88.500412, 173.68118, 107.47562, 153.10471, 211.8884, 85.790855, 136.00937, 56.127033, 200.08983, 175.04492, 202.10251, 218.78947, 107.655, 158.58556, 203.06889, 79.357674;
  167.60103, 83.933578, 196.98222, 109.69738, 139.67212, 103.58092, 156.55145, 134.46259, 158.77502, 186.99532, 154.61179, 198.44293, 63.973808, 172.29747, 199.48877, 154.97194, 103.12956, 191.75537, 168.99158, 171.73293, 168.81525, 113.34144, 160.72638, 186.01216, 73.705803, 83.004677, 197.94902, 166.07764, 154.58232, 193.62114, 116.91581, 135.59541;
  129.66133, 137.59296, 77.52404, 174.53313, 75.091347, 172.46368, 115.30877, 141.49573, 149.35097, 70.50428, 165.27351, 105.15492, 94.664001, 177.3873, 74.79274, 137.04808, 181.49628, 162.86752, 166.49788, 167.79114, 99.868057, 89.926285, 75.768166, 204.37181, 162.79007, 135.20354, 150.46208, 127.21849, 64.199791, 53.39637, 107.14904, 111.84082;
  79.325493, 183.89952, 90.194511, 130.07808, 174.75369, 147.36551, 193.53259, 205.26643, 178.8136, 69.36132, 200.63979, 227.30617, 46.795967, 169.47159, 192.78589, 164.74754, 109.17883, 172.15393, 56.929188, 165.38705, 214.59529, 59.108311, 36.230618, 196.95465, 62.600052, 45.525608, 181.5771, 213.26447, 100.28575, 147.72795, 227.58157, 186.49677;
  159.46494, 170.57013, 181.68225, 189.33156, 159.64877, 201.534, 111.32944, 185.21147, 173.72742, 104.27896, 175.61159, 55.520721, 81.154625, 214.76833, 100.86769, 126.28055, 177.5797, 192.77312, 210.79703, 96.205627, 98.581825, 93.607864, 178.37566, 177.39691, 191.08661, 199.28851, 145.55685, 145.85228, 181.34113, 121.04676, 183.00424, 105.59405;
  149.56894, 164.73924, 48.863087, 159.59798, 89.945816, 74.926949, 93.488632, 127.24625, 91.434929, 65.864052, 114.37591, 108.06773, 188.85777, 73.25351, 60.386066, 93.127724, 155.85196, 79.287376, 110.7136, 146.25061, 140.34833, 98.150459, 91.88002, 109.52686, 187.11273, 121.59458, 171.7823, 128.90034, 49.786648, 66.381233, 143.5612, 72.183357;
  32.729259, 63.395031, 37.710094, 125.3531, 86.360588, 122.32285, 168.56573, 35.640011, 55.862236, 28.647799, 77.74424, 35.974842, 189.34831, 44.071579, 25.626236, 165.55615, 170.21265, 49.008686, 131.84306, 92.586403, 55.357292, 148.4091, 53.569332, 206.90926, 42.573524, 70.450737, 34.768196, 43.844566, 32.265949, 34.097034, 49.096436, 169.44266;
  243.2448, 177.37268, 221.41833, 121.54577, 163.48401, 163.89001, 76.449547, 217.26877, 201.18307, 86.21714, 178.25455, 247.0354, 47.742668, 185.03206, 239.84447, 63.363365, 101.43851, 163.18759, 119.99465, 149.20013, 185.81459, 108.85745, 169.54355, 47.23938, 211.8656, 187.29652, 238.35947, 244.54611, 248.03519, 196.6508, 235.10759, 69.4132;
  83.825363, 175.13919, 59.804012, 61.360802, 168.81682, 131.91246, 164.83347, 151.55849, 97.573013, 90.266861, 91.317245, 71.228004, 137.57173, 69.445343, 103.24466, 99.008537, 125.15798, 48.962852, 69.285652, 84.274124, 143.15244, 126.46883, 97.871475, 93.13279, 67.334755, 62.751492, 57.883858, 108.41545, 127.11187, 60.883003, 176.00214, 156.02818;
  72.388939, 113.61331, 73.76844, 106.65783, 84.845772, 201.76125, 149.94965, 83.890739, 161.31834, 58.927608, 86.944695, 48.700092, 121.24821, 164.81476, 70.64209, 125.02113, 158.13985, 59.592178, 142.42537, 58.740108, 59.598022, 105.8876, 82.303513, 165.95683, 58.284176, 78.262138, 56.379498, 80.741013, 95.396133, 32.241459, 89.505844, 161.47528;
  53.591885, 79.471825, 156.05197, 74.79007, 96.29007, 105.23407, 153.2448, 49.159958, 68.099258, 174.95506, 83.489601, 29.707243, 191.78336, 79.531853, 47.10429, 156.06538, 150.66399, 89.490273, 162.5466, 97.297112, 38.863514, 173.59557, 195.25653, 164.26425, 36.873909, 83.019783, 43.367538, 32.880615, 117.75787, 93.139168, 30.280348, 173.96378;
  41.571468, 192.02669, 36.77784, 114.35907, 103.783, 99.276405, 169.52612, 131.20723, 61.726749, 47.223019, 81.77784, 30.216991, 207.48708, 68.149826, 28.283869, 163.3938, 172.93169, 68.317451, 131.37198, 118.40097, 96.198334, 149.98651, 73.360794, 216.48938, 52.772388, 68.485069, 42.859642, 43.433411, 32.789608, 43.398106, 115.92393, 168.62859;
  242.05582, 172.04356, 214.08051, 119.07238, 159.52382, 162.52286, 74.499008, 87.543541, 198.37953, 79.961449, 177.62787, 247.88924, 48.71191, 163.42496, 239.70825, 62.291431, 102.84316, 160.72195, 118.7648, 150.71136, 183.43051, 109.26352, 164.8443, 40.076443, 213.14972, 176.7565, 236.18193, 244.70647, 248.87891, 193.86104, 237.52155, 56.88596;
  63.58197, 154.72746, 47.182392, 168.96519, 93.666664, 158.86919, 92.916565, 95.330399, 77.646126, 36.865829, 86.385742, 40.772747, 196.84193, 78.844025, 30.563522, 107.05325, 173.13585, 62.825577, 128.54968, 89.605453, 76.350945, 141.88553, 62.586582, 160.35724, 190.93166, 179.19498, 50.819706, 70.211319, 48.113209, 37.97065, 120.71027, 114.58533;
  186.53426, 112.93659, 192.17056, 66.450073, 72.449715, 155.914, 130.22086, 102.43842, 190.13557, 71.055763, 168.46866, 224.57289, 36.372814, 153.81013, 236.07472, 129.50146, 82.966476, 155.88156, 111.47048, 142.96028, 148.9129, 95.954453, 151.38594, 49.750732, 47.986519, 66.3433, 211.6844, 203.32544, 216.43988, 163.39615, 144.33273, 85.81852;
  203.95932, 72.742722, 210.81514, 103.58002, 84.38723, 142.05919, 75.774139, 97.817123, 189.88954, 185.58035, 169.53836, 222.59291, 49.037365, 164.69708, 214.62897, 70.76091, 54.038029, 180.97354, 119.58399, 93.194443, 149.8492, 100.80688, 166.33432, 25.92791, 195.42328, 175.02545, 148.26918, 188.207, 212.10185, 198.42195, 88.354828, 66.740738;
  190.38731, 93.259575, 111.20643, 118.67779, 51.791924, 62.517509, 75.286774, 110.42274, 128.50391, 163.00124, 157.42645, 66.803459, 137.05356, 74.15863, 67.0103, 87.221672, 63.004944, 198.61722, 111.52204, 136.79686, 106.19654, 125.41327, 173.24928, 34.033787, 202.26164, 187.36546, 117.84879, 45.728882, 87.481255, 168.83313, 75.646065, 58.199421;
  51.711693, 176.40135, 86.467827, 98.121223, 179.15143, 142.13472, 180.13081, 175.18059, 80.652328, 77.769638, 100.9616, 197.62814, 99.591888, 101.12122, 177.56523, 160.15073, 135.89157, 79.563095, 111.91219, 176.0327, 194.13365, 154.98436, 53.84145, 224.17667, 53.861355, 52.568073, 123.6022, 177.98436, 96.76075, 110.54319, 189.79915, 187.50089;
  176.18953, 176.10529, 210.06189, 185.28142, 177.59508, 180.6337, 117.82706, 201.46777, 187.64932, 105.45373, 177.39406, 213.50638, 56.72559, 210.485, 229.63911, 128.54785, 106.1522, 188.75813, 164.13049, 147.5903, 180.83472, 100.5067, 157.57243, 181.41447, 189.17006, 192.65411, 216.03191, 228.79164, 213.69942, 196.6123, 216.16336, 126.32482;
  82.849945, 169.79007, 156.76959, 89.328476, 200.82828, 194.15479, 164.42378, 154.88342, 146.76093, 116.33556, 97.08271, 66.911385, 116.13116, 191.75739, 118.5514, 137.97873, 158.53052, 77.330444, 172.96968, 50.403702, 100.37456, 100.97598, 171.74361, 190.60417, 53.268215, 73.614418, 70.021271, 137.61166, 178.02521, 72.083107, 168.26112, 182.1225;
  116.4548, 153.46628, 166.98207, 190.50359, 183.93616, 110.53228, 173.20589, 182.47346, 103.30846, 185.32066, 157.33142, 109.97274, 173.76328, 150.00574, 125.2066, 128.71091, 183.17432, 165.68364, 163.13989, 154.49283, 185.39024, 177.03085, 148.57747, 210.73816, 165.19226, 185.75897, 149.69728, 148.5043, 121.49857, 182.44978, 151.69154, 177.25969;
  38.656364, 62.000622, 31.871098, 48.529026, 70.84613, 67.395126, 134.39545, 38.279648, 59.843006, 104.33988, 76.723778, 48.056179, 176.01872, 29.641073, 24.180712, 107.34051, 137.98189, 47.684143, 77.848, 99.657928, 55.894192, 147.46223, 59.818665, 69.688828, 45.174156, 53.003746, 31.259363, 25.474094, 42.853306, 43.124531, 38.254681, 123.02216;
  52.083988, 75.668282, 38.87009, 143.80515, 80.108459, 75.66526, 178.62599, 77.350151, 53.270393, 129.62267, 80.515106, 35.334442, 203.3136, 65.124474, 31.094563, 167.00514, 203.03596, 86.132332, 128.75983, 208.53625, 92.511482, 150.69305, 67.62085, 212.40213, 51.937767, 72.476738, 150.64592, 39.09124, 19.352871, 63.451965, 61.204231, 168.65952;
  173.69344, 164.59013, 204.2272, 118.64465, 154.96002, 190.86096, 72.952141, 170.51408, 189.36838, 89.339897, 168.31264, 64.478951, 47.26992, 196.3499, 135.99425, 62.502575, 46.420177, 171.04272, 114.61769, 50.960922, 62.125721, 97.74614, 197.37959, 37.239323, 204.16693, 183.06998, 109.81642, 123.51803, 226.7628, 174.98334, 193.98213, 63.275372;
  82.132034, 115.2272, 145.18239, 51.969864, 186.7847, 114.90285, 127.74306, 73.161774, 90.434975, 154.25615, 61.474228, 47.745441, 157.55591, 86.614197, 89.498016, 111.84457, 136.26764, 56.510704, 145.58327, 53.025375, 48.192307, 124.17605, 197.73869, 65.535286, 47.029343, 79.874702, 47.835846, 99.297379, 181.16772, 76.277954, 132.35646, 146.4778;
  143.50401, 107.69152, 128.55803, 96.165176, 152.83749, 157.51785, 91.521431, 104.18036, 185.61696, 66.600891, 160.08661, 144.22455, 67.952682, 125.31161, 172.72322, 148.88214, 71.182144, 135.33348, 99.090179, 62.196877, 146.73973, 113.72589, 74.083931, 56.98259, 120.78214, 177.63527, 101.00848, 118.71072, 194.68349, 167.39107, 195.85358, 68.582146;
  180.13687, 72.91407, 196.82986, 109.08108, 77.301453, 111.79903, 70.511086, 88.791405, 181.75467, 163.44768, 157.05371, 70.549896, 60.924114, 167.05232, 125.07449, 73.541924, 38.402981, 194.74185, 115.50381, 57.657658, 49.708591, 95.759529, 189.15002, 21.131323, 193.70651, 180.58974, 106.5648, 74.170479, 191.35655, 195.70998, 78.516281, 56.908871;
  154.35159, 118.04331, 142.21317, 81.512947, 156.17197, 93.780891, 152.13672, 136.23354, 94.514221, 192.67854, 73.190659, 40.12484, 192.20297, 100.11847, 59.586834, 167.21741, 153.58768, 96.629295, 190.10658, 93.848831, 121.1448, 176.43694, 193.21996, 183.03056, 65.681526, 92.367302, 80.557533, 55.996178, 98.74437, 102.65732, 95.802116, 129.38046;
  104.6569, 156.2881, 107.95367, 200.03476, 106.67065, 157.63084, 112.92291, 175.61998, 161.94209, 72.42852, 190.95296, 193.7995, 67.781036, 179.63193, 178.54036, 101.67391, 108.91206, 180.51865, 89.66993, 172.85849, 176.06479, 83.710098, 57.247196, 160.75172, 201.29968, 183.01846, 182.83641, 187.21716, 107.13066, 162.29317, 157.5979, 136.92798;
  9.6432076, 72.207985, 33.063202, 120.87108, 87.325569, 87.320908, 176.41533, 33.465443, 54.453102, 170.71384, 76.538589, 17.772127, 206.40135, 53.377689, 13.77414, 192.77956, 157.30203, 88.422005, 135.00957, 104.72478, 66.950775, 147.36435, 66.737251, 206.31839, 39.274456, 68.047714, 18.257963, 16.130428, 9.7879896, 57.367241, 22.808258, 173.87662;
  117.18972, 166.17798, 199.11736, 66.137192, 206.56888, 169.03661, 180.04834, 135.54457, 196.68623, 77.803574, 176.54401, 240.97905, 42.823975, 165.28696, 241.35847, 130.48729, 94.742943, 160.16933, 89.481979, 145.17938, 166.12042, 98.993851, 141.38809, 43.744621, 46.381672, 25.320761, 193.7287, 237.04666, 244.62979, 185.16513, 234.17044, 157.30679;
  145.96477, 164.63867, 147.48546, 107.6567, 142.54282, 192.61287, 69.6399, 125.28554, 176.40271, 85.692749, 141.77509, 49.643997, 117.32568, 187.17738, 83.438347, 76.345352, 131.39984, 111.70831, 159.64482, 36.350266, 57.350266, 90.818924, 186.64195, 43.758705, 184.22081, 180.06227, 82.339615, 121.771, 185.4113, 60.997543, 154.44162, 70.848015;
  116.01248, 167.54332, 210.5006, 88.511162, 203.88313, 177.05664, 184.43436, 147.06863, 186.35565, 87.263977, 171.80562, 225.82361, 40.73122, 177.97121, 238.54236, 155.67435, 104.03072, 165.401, 136.02783, 146.50252, 164.96689, 94.357811, 158.52196, 192.23566, 44.437725, 59.018478, 188.53348, 231.46413, 233.46652, 183.99136, 225.74034, 180.27406;
  89.534348, 111.60942, 60.500706, 45.573299, 97.51664, 80.274429, 157.15227, 109.50212, 78.782928, 178.77408, 85.961403, 35.986897, 196.20361, 65.907928, 36.165722, 69.160767, 145.73901, 85.787888, 120.92174, 109.37429, 104.1512, 171.17209, 143.04709, 79.288597, 77.021599, 68.61898, 39.946529, 36.620041, 61.904743, 66.024429, 50.070114, 174.65616;
  76.75425, 79.386185, 42.422684, 153.98552, 40.638062, 80.102539, 108.17331, 81.002792, 51.939262, 157.2686, 70.218452, 20.30315, 208.24187, 65.733078, 11.66481, 113.53079, 160.01254, 89.183067, 151.21149, 111.29758, 76.089722, 147.01477, 68.411819, 199.05211, 175.14796, 77.916695, 43.036503, 17.53274, 7.3750353, 61.453331, 24.271107, 67.275848;
  92.78521, 194.33485, 106.30754, 101.04581, 204.30072, 149.68195, 160.3306, 224.39517, 193.03813, 83.655197, 190.36815, 231.77725, 50.975536, 177.64752, 226.90073, 76.014801, 101.20882, 169.89105, 72.070274, 158.96501, 200.25179, 72.513802, 75.304131, 69.543388, 101.60484, 138.70384, 176.26488, 234.88792, 190.07256, 152.28535, 228.08621, 198.95164;
  59.163681, 95.597229, 48.259388, 59.184311, 112.59453, 73.665878, 169.86473, 72.482246, 66.336151, 164.97194, 85.004059, 175.77512, 192.70343, 45.445724, 106.30876, 164.68211, 159.85391, 68.311127, 141.23842, 112.36761, 161.63342, 155.87488, 72.973289, 188.28273, 42.756172, 62.630711, 37.142715, 132.22862, 48.470074, 65.547852, 48.309437, 177.674;
  39.524803, 136.97914, 52.268219, 127.76874, 215.05475, 91.055084, 174.5686, 147.13411, 63.348274, 179.97914, 82.956894, 31.072529, 207.79713, 91.724602, 24.67465, 146.82278, 167.75574, 93.031822, 141.26001, 113.05132, 111.33527, 156.39343, 87.438934, 218.38489, 65.344513, 74.465965, 37.702705, 68.664391, 32.503937, 82.278824, 122.90489, 189.30209;
  36.77335, 75.367874, 30.661236, 132.77768, 89.957024, 60.423321, 180.18454, 61.977299, 48.498352, 145.54478, 75.853058, 165.144, 210.48952, 46.647549, 25.919077, 178.05458, 190.86086, 93.859291, 137.46629, 205.57616, 80.762428, 146.19598, 27.415873, 214.65759, 43.589844, 66.286255, 71.902267, 117.63975, 11.220239, 58.75013, 40.88858, 180.88234;
  100.48692, 172.93597, 210.91762, 94.631104, 221.56837, 168.47708, 128.31973, 160.96252, 199.09204, 85.719055, 184.4821, 244.7571, 47.722954, 175.72519, 241.50548, 118.46966, 100.13657, 166.5708, 92.198555, 148.86769, 162.37503, 101.68621, 166.04936, 49.298386, 59.572464, 160.89925, 189.13138, 241.75766, 250.52663, 190.58063, 234.9332, 183.86751;
  194.33401, 83.308235, 141.62978, 63.278702, 64.047417, 49.628532, 84.211731, 87.781197, 159.62686, 172.81488, 154.45882, 171.92845, 69.816971, 82.719215, 177.86813, 155.70465, 46.566555, 179.45882, 121.77911, 137.49791, 167.62021, 106.74583, 175.55823, 35.292011, 87.38311, 131.46921, 126.99667, 96.713394, 116.46172, 186.75415, 96.806572, 54.23003;
  87.089943, 73.754997, 39.876854, 132.61508, 44.869438, 71.489685, 70.814308, 61.373627, 68.545456, 127.45164, 85.680206, 38.984203, 201.06479, 49.887489, 18.96067, 85.48291, 139.80174, 74.525146, 77.055443, 104.80883, 71.353966, 148.74757, 75.69503, 50.344292, 190.96582, 176.01289, 56.080269, 27.841715, 36.80722, 63.16312, 36.472275, 64.470985;
  102.8988, 95.82515, 127.0758, 80.507751, 135.47675, 57.729977, 178.66667, 144.10164, 80.753235, 162.87296, 133.85745, 197.33205, 77.765289, 66.602928, 173.07925, 100.90181, 89.568047, 168.83894, 54.718777, 202.3764, 188.51292, 162.16537, 87.72567, 102.99139, 71.962105, 63.317833, 162.30707, 140.01852, 128.1826, 189.65247, 130.32774, 177.97072;
  59.271801, 82.671997, 179.75096, 64.872574, 161.15164, 177.14874, 159.79893, 115.93072, 127.80281, 146.75388, 109.69428, 183.9467, 47.17345, 155.6468, 192.54263, 148.00871, 86.154556, 125.17684, 143.21706, 118.2001, 114.65794, 138.99225, 114.21221, 170.41327, 43.713661, 64.047966, 61.836723, 160.98207, 191.44574, 148.58867, 99.074127, 184.60126;
  217.07375, 100.64405, 213.56996, 103.42706, 135.84755, 108.07277, 76.305893, 143.04477, 211.98814, 203.6694, 170.64537, 95.403023, 52.25782, 182.81264, 202.73328, 94.073425, 37.747116, 187.15146, 117.58347, 51.138294, 165.59564, 105.60487, 209.65755, 27.262428, 179.75369, 181.15475, 130.21007, 105.03786, 217.82877, 211.61574, 141.16101, 56.108986;
  120.06335, 63.996201, 154.67311, 99.447899, 100.20621, 96.441566, 64.959145, 53.353504, 71.984482, 178.15997, 57.921131, 35.597721, 195.7485, 69.681343, 56.491924, 98.250244, 139.20399, 82.858727, 175.83972, 76.97213, 35.764019, 176.20906, 192.92271, 57.487492, 168.56415, 184.92683, 64.440926, 45.560661, 154.73076, 104.45296, 41.545139, 61.81945;
  140.26251, 63.641083, 140.47729, 125.33224, 99.357506, 71.408043, 88.744499, 45.477303, 80.557793, 169.39542, 70.893303, 186.18578, 186.79597, 69.02948, 82.750114, 158.00888, 150.93027, 88.403831, 191.02808, 134.67665, 77.284042, 160.9167, 138.03415, 151.5999, 132.52783, 109.66822, 114.13804, 139.7197, 100.94478, 111.09312, 54.439869, 68.480576;
  143.78548, 89.267021, 98.799835, 134.01764, 60.896637, 55.304348, 88.998772, 114.02625, 99.67186, 134.90196, 164.19852, 197.0927, 107.63043, 60.565628, 145.69443, 103.48933, 87.750618, 182.28876, 84.804756, 199.94011, 174.8548, 148.73051, 68.505333, 72.232155, 193.11649, 172.4196, 170.59393, 132.24487, 81.506973, 178.43848, 92.273582, 79.439293;
  175.43706, 85.892319, 185.07997, 189.24149, 64.763657, 121.62035, 75.678146, 113.66706, 158.31592, 124.53286, 159.80048, 168.93785, 79.784241, 179.74228, 143.61876, 104.83175, 93.310768, 202.22249, 148.34045, 161.80879, 92.534836, 102.57878, 144.04909, 84.663101, 195.79494, 193.2312, 203.91211, 144.94022, 120.57086, 184.83293, 81.138954, 83.076797;
  64.828461, 152.81062, 126.90019, 156.13966, 179.62923, 196.97723, 169.55977, 129.5408, 131.37837, 56.933968, 120.88311, 156.88881, 71.573433, 182.3427, 124.91917, 120.5742, 187.61897, 99.983299, 144.66187, 137.24782, 97.179504, 86.937386, 64.90892, 218.8611, 66.566223, 58.799622, 156.61481, 200.1499, 149.31348, 52.939278, 173.52373, 193.20683;
  60.160244, 101.31203, 140.69597, 146.00282, 185.56062, 96.499535, 178.54182, 122.07519, 58.958179, 174.62642, 83.59211, 123.36137, 187.99672, 101.88581, 78.643799, 132.35902, 191.29605, 88.548874, 144.96053, 166.51974, 114.67435, 160.05922, 114.16589, 210.84352, 63.608555, 70.341164, 152.7937, 150.23637, 122.76128, 104.82519, 106.0033, 192.30075;
  105.17099, 70.499191, 210.1402, 80.561584, 163.93639, 155.89101, 109.94003, 120.77148, 175.54903, 187.38695, 139.31929, 96.168152, 41.292545, 178.10616, 192.24271, 127.6179, 42.665722, 171.6171, 96.546593, 54.147892, 98.506889, 112.02593, 194.83144, 36.362236, 53.828201, 142.83224, 69.269852, 98.659645, 218.3047, 196.10818, 102.90518, 146.82578]